0	0	0	0	0	
0	0	1	0	0	
0	0	1	1	0	
1	0	1	1	0	
1	1	1	1	0	
1	3	1	1	0	
1	4	1	0	0	
1	4	1	1	0	
1	6	1	0	0	
2	6	1	0	0	
2	7	1	0	0	
3	6	2	0	0	
4	6	2	1	0	
4	6	2	1	0	
5	5	3	1	0	
3	7	3	1	0	
3	7	3	1	0	
3	10	2	2	0	
3	12	1	3	0	
4	12	1	4	0	
3	10	1	5	0	
3	11	1	6	0	
4	12	2	6	0	
4	13	3	7	0	
4	16	3	6	0	
4	19	3	6	2	
4	20	3	6	2	
4	21	5	6	2	
5	20	6	6	2	
5	21	7	4	2	
7	22	7	6	2	
5	20	8	6	0	
5	21	8	5	0	
8	25	8	5	2	
8	21	6	5	0	
8	17	6	6	0	
8	18	7	8	0	
8	22	6	10	0	
8	26	7	10	2	
6	25	8	8	2	
5	27	10	10	2	
7	27	10	10	2	
8	25	7	12	0	
10	23	7	12	0	
12	25	10	13	0	
11	23	8	14	0	
11	22	7	13	0	
15	21	8	12	0	
16	24	11	12	0	
16	26	9	12	0	
14	25	10	11	0	
12	25	10	13	0	
11	26	14	12	0	
12	20	15	11	0	
10	21	15	13	0	
10	17	18	12	0	
11	17	16	12	0	
11	15	17	12	0	
12	15	17	13	0	
12	15	21	12	0	
15	15	20	12	0	
13	14	16	12	0	
12	15	16	11	0	
11	14	19	8	0	
10	15	20	8	0	
12	18	22	8	0	
14	17	25	8	0	
16	16	24	10	0	
16	14	27	12	0	
17	14	26	11	0	
18	13	31	9	0	
19	13	29	9	0	
19	11	31	9	0	
17	11	29	10	0	
18	12	31	12	0	
18	10	32	13	0	
16	9	32	12	0	
13	8	33	13	3	
15	7	31	13	0	
13	7	30	13	3	
13	7	29	10	0	
11	8	29	8	3	
11	7	28	8	3	
12	5	28	8	0	
13	5	30	8	3	
18	5	34	9	0	
21	5	36	9	0	
21	7	31	9	0	
19	8	31	9	0	
20	8	33	12	0	
20	7	33	11	0	
20	7	30	10	0	
26	7	28	12	0	
22	8	26	12	0	
20	9	25	11	0	
16	9	25	13	0	
18	9	26	10	0	
21	10	29	9	0	
19	10	28	10	0	
21	10	24	9	0	
20	9	26	9	0	
19	7	25	10	0	
19	8	25	7	0	
18	8	28	7	0	
21	8	29	6	0	
19	10	29	4	0	
17	11	30	5	0	
19	11	31	6	0	
17	14	31	7	0	
18	14	31	6	0	
19	15	30	7	0	
17	11	29	8	0	
15	11	30	11	0	
15	11	26	10	0	
15	9	28	10	0	
17	10	31	11	0	
18	11	29	9	0	
18	10	29	8	0	
21	10	28	7	0	
21	11	26	8	0	
22	11	26	10	0	
23	10	29	10	0	
22	9	29	9	0	
20	9	25	11	0	
20	10	27	10	0	
20	11	26	11	0	
17	11	26	13	0	
20	10	28	14	0	
16	10	26	14	0	
19	12	25	16	0	
20	11	29	15	0	
20	8	24	16	0	
21	8	23	15	0	
21	9	24	14	0	
18	7	26	14	0	
18	6	27	16	0	
19	5	25	15	0	
20	5	30	13	0	
17	4	29	16	0	
20	4	30	15	0	
17	3	32	16	0	
18	4	33	18	0	
20	4	35	19	0	
22	4	38	15	0	
16	4	37	14	3	
16	4	41	15	3	
15	3	43	16	3	
15	3	43	15	3	
12	2	41	16	3	
12	2	40	19	3	
10	4	39	18	3	
11	3	39	19	3	
8	4	40	19	3	
7	5	41	23	0	
8	4	44	22	3	
6	7	41	21	0	
8	7	43	21	3	
8	7	38	21	0	
9	9	35	22	0	
9	9	30	22	0	
9	11	29	22	0	
6	12	28	23	0	
6	14	29	24	0	
6	14	30	20	0	
6	14	30	20	0	
6	15	28	20	0	
3	15	29	20	0	
4	17	32	20	0	
4	15	35	20	0	
6	12	36	20	0	
5	12	39	17	3	
5	13	43	16	3	
4	16	40	19	3	
4	17	38	20	0	
5	17	39	20	0	
5	16	37	21	0	
5	14	37	20	0	
5	11	36	19	0	
5	13	35	20	0	
4	13	37	21	0	
4	12	40	22	0	
5	10	40	22	0	
5	9	43	20	3	
7	10	46	19	3	
7	7	47	18	3	
8	7	44	18	3	
7	7	44	20	3	
8	6	45	20	3	
9	6	40	23	0	
8	6	35	23	0	
9	5	30	24	0	
10	6	29	23	0	
11	7	26	20	0	
10	7	29	21	0	
12	5	32	21	0	
12	3	38	20	0	
13	3	38	18	3	
14	5	38	18	3	
16	5	37	18	0	
17	5	38	20	0	
18	3	35	20	0	
17	3	35	20	0	
16	4	35	17	0	
18	2	37	17	0	
21	2	35	17	0	
17	1	37	17	3	
19	1	35	15	0	
22	2	34	18	0	
26	3	33	19	0	
23	3	33	19	0	
22	3	35	18	0	
22	4	32	17	0	
20	6	32	13	0	
21	8	31	14	0	
20	5	32	13	0	
17	5	32	12	0	
16	5	33	10	0	
15	6	33	9	3	
17	7	30	8	0	
19	8	32	11	0	
18	6	33	12	0	
20	6	31	14	0	
22	6	33	14	0	
24	5	35	13	0	
21	5	31	13	0	
15	5	28	15	0	
15	5	31	15	0	
14	5	34	17	0	
16	4	31	17	0	
14	5	31	18	0	
13	4	33	15	3	
13	6	33	14	3	
14	7	31	12	0	
11	7	31	13	3	
7	7	33	12	3	
6	7	35	13	3	
6	8	33	14	3	
6	8	37	18	0	
7	7	40	23	0	
9	7	40	23	0	
9	6	40	24	0	
8	5	40	23	0	
8	5	39	20	0	
8	5	40	17	3	
7	6	41	17	3	
8	7	43	15	3	
9	7	44	14	3	
9	6	42	13	3	
9	7	40	11	3	
12	7	41	10	3	
12	9	40	10	3	
11	9	38	12	3	
10	9	40	13	3	
9	10	34	14	3	
8	9	32	15	0	
8	6	31	13	3	
7	8	35	14	3	
11	7	35	12	3	
10	6	38	11	3	
8	5	35	11	3	
7	5	34	10	3	
7	5	35	9	3	
10	6	38	10	3	
12	7	46	8	3	
11	7	47	10	3	
11	5	46	8	3	
10	7	45	9	3	
11	7	47	8	3	
12	7	49	8	3	
11	7	49	10	3	
11	4	47	10	3	
11	4	45	10	3	
7	4	47	11	3	
7	4	48	10	3	
7	3	48	8	3	
8	3	49	9	3	
10	6	47	10	3	
8	6	48	9	3	
8	6	49	8	3	
9	7	46	9	3	
10	8	47	5	3	
9	8	44	4	3	
8	9	41	6	3	
8	11	43	5	3	
10	16	45	3	3	
11	16	43	4	3	
10	16	46	5	3	
11	17	47	7	3	
11	15	44	9	3	
7	15	42	9	3	
11	15	44	10	3	
11	16	48	11	3	
11	17	41	10	3	
8	16	42	9	3	
9	14	39	8	3	
10	13	39	8	3	
11	10	37	9	3	
11	8	40	9	3	
14	9	40	9	3	
11	13	38	8	3	
10	13	39	8	3	
11	13	43	7	3	
11	14	45	7	3	
10	15	45	7	3	
10	14	42	7	3	
12	13	36	6	3	
11	19	40	7	3	
10	18	42	6	3	
12	15	38	6	3	
13	13	41	8	3	
15	11	43	6	3	
14	13	47	6	3	
14	12	45	4	3	
14	13	45	6	3	
17	13	41	5	3	
20	13	38	5	0	
19	12	35	7	0	
22	15	34	7	0	
24	15	37	7	0	
23	16	29	6	0	
21	18	27	7	0	
21	16	24	5	0	
21	15	24	4	0	
20	14	23	5	0	
20	15	23	5	0	
20	12	24	5	0	
19	13	24	4	0	
23	12	21	3	0	
21	11	18	3	0	
21	12	20	2	0	
19	14	21	2	0	
19	13	20	2	0	
22	13	21	2	0	
21	16	22	2	0	
21	16	25	2	0	
21	21	21	2	0	
22	22	23	1	0	
23	20	22	1	0	
22	20	23	3	0	
26	22	23	2	0	
25	20	24	3	0	
25	20	24	3	0	
22	20	24	2	0	
22	20	24	3	0	
18	22	23	4	0	
17	22	26	6	0	
17	25	23	6	0	
13	22	24	7	0	
15	23	26	7	0	
11	27	28	10	0	
10	28	31	10	0	
11	30	31	11	0	
9	28	31	10	0	
9	27	31	9	0	
8	25	29	8	0	
8	24	31	9	0	
9	24	31	9	0	
10	24	37	11	0	
10	23	36	11	0	
12	22	35	12	0	
11	23	36	11	0	
11	24	36	9	0	
12	20	35	7	0	
12	22	34	6	0	
12	21	32	6	0	
12	22	32	6	0	
13	22	32	7	0	
12	22	30	8	0	
9	21	31	7	0	
7	20	31	8	0	
8	22	32	8	0	
4	24	32	10	0	
3	23	31	10	0	
1	24	33	8	0	
1	25	36	7	0	
1	24	39	7	0	
1	23	39	7	0	
3	25	36	6	0	
3	24	38	5	0	
5	23	39	6	0	
4	22	39	7	0	
4	22	39	8	0	
4	20	39	9	0	
4	21	38	10	0	
5	19	36	8	0	
7	21	37	8	0	
9	17	39	8	3	
10	14	42	9	3	
11	13	44	11	3	
13	12	41	12	3	
13	13	42	12	3	
15	12	42	11	3	
17	11	40	12	3	
18	11	42	11	3	
19	10	41	11	3	
18	11	40	8	3	
19	10	40	8	3	
19	12	39	9	3	
20	15	33	9	0	
16	14	34	12	0	
15	15	33	12	3	
15	17	37	12	3	
16	17	38	12	3	
14	18	35	13	0	
12	19	33	13	0	
13	19	34	9	0	
14	17	31	8	0	
14	17	32	8	0	
14	18	30	7	0	
15	18	32	6	0	
14	18	30	6	0	
13	17	30	7	0	
13	17	32	7	0	
13	17	30	5	0	
16	19	27	5	0	
16	21	28	4	0	
18	22	29	3	0	
17	24	30	3	0	
19	24	29	2	0	
19	21	30	2	0	
20	22	27	2	0	
22	23	21	2	0	
22	25	21	3	0	
22	25	23	3	0	
18	25	21	3	0	
21	27	27	5	0	
19	25	25	6	0	
22	26	24	8	0	
23	24	25	9	0	
23	25	26	7	0	
21	21	25	9	0	
21	23	22	8	0	
22	21	25	7	0	
23	21	23	8	0	
25	18	19	6	0	
27	20	17	6	0	
29	18	17	6	0	
26	14	20	5	0	
29	16	21	3	0	
27	16	20	2	0	
27	16	21	3	0	
24	17	18	3	0	
25	16	17	4	0	
24	13	16	6	0	
23	13	15	6	0	
24	14	15	4	0	
23	14	14	4	0	
23	13	12	5	0	
22	12	11	6	0	
21	13	11	7	0	
23	11	10	8	0	
22	11	10	5	0	
23	10	8	5	0	
22	10	9	5	0	
22	11	9	5	0	
25	11	10	5	0	
23	11	7	5	0	
27	13	7	6	0	
28	11	9	6	1	
28	10	10	6	1	
34	9	9	7	1	
34	6	12	6	1	
29	6	10	5	1	
30	6	12	5	1	
33	5	13	5	1	
30	6	12	5	1	
27	5	15	6	0	
25	5	19	6	0	
21	3	15	9	0	
23	3	16	9	0	
24	3	16	12	0	
22	2	17	12	0	
22	2	18	14	0	
18	3	22	15	0	
18	4	23	16	0	
17	5	25	16	0	
17	5	25	14	0	
17	5	23	14	0	
14	4	23	15	0	
13	4	23	13	0	
15	4	21	15	0	
14	5	20	17	0	
18	5	22	20	0	
18	6	24	17	0	
17	7	26	17	0	
18	11	29	18	0	
18	12	26	19	0	
17	12	27	20	0	
16	11	24	19	0	
15	14	26	19	0	
16	13	23	20	0	
18	12	20	20	0	
19	12	21	22	0	
19	15	22	25	0	
20	17	21	23	0	
17	19	21	20	0	
17	19	19	20	0	
17	17	19	21	0	
19	17	20	20	0	
18	14	24	20	0	
15	13	25	20	0	
17	10	25	21	0	
16	10	23	19	0	
15	9	24	18	0	
14	8	23	18	0	
12	6	24	18	0	
12	5	27	17	0	
11	5	30	15	0	
10	5	29	13	0	
8	3	30	16	0	
8	3	31	16	0	
7	4	30	16	0	
9	2	31	17	0	
11	4	31	16	0	
13	3	37	15	3	
12	3	42	14	3	
9	3	45	12	3	
11	3	41	11	3	
11	3	39	12	3	
11	3	37	14	3	
11	3	39	12	3	
10	4	44	13	3	
9	5	48	11	3	
8	5	49	11	3	
10	6	44	10	3	
10	5	40	11	3	
12	5	36	12	3	
13	6	33	10	3	
14	8	36	10	3	
14	8	32	8	3	
16	8	34	8	0	
16	8	34	10	0	
15	9	34	10	3	
16	10	34	12	0	
13	13	32	12	3	
11	13	31	12	3	
10	12	33	12	3	
9	12	35	10	3	
7	12	39	9	3	
9	9	42	8	3	
7	9	43	10	3	
7	9	43	10	3	
8	9	43	11	3	
6	11	46	10	3	
6	10	48	10	3	
6	11	49	11	3	
5	11	46	14	3	
6	8	44	12	3	
4	9	42	11	3	
4	8	47	11	3	
4	9	47	10	3	
5	8	48	11	3	
4	8	43	11	3	
5	8	41	11	3	
7	8	36	11	3	
7	8	37	11	3	
9	7	37	11	3	
9	8	40	13	3	
8	7	40	12	3	
7	8	40	12	3	
9	6	36	13	3	
9	6	28	14	0	
8	7	29	15	0	
7	7	32	15	0	
7	9	32	16	0	
8	8	31	18	0	
8	9	35	17	0	
10	10	37	18	0	
11	9	36	16	3	
14	7	34	17	0	
16	8	33	15	0	
15	8	34	13	3	
15	9	28	15	0	
12	9	27	16	0	
11	10	28	14	0	
12	11	36	13	3	
10	11	35	15	3	
7	10	35	15	3	
7	11	36	17	3	
6	13	40	15	3	
6	15	40	16	3	
5	14	45	16	3	
5	15	44	15	3	
5	14	44	15	3	
7	15	42	15	3	
7	14	39	16	3	
7	14	36	16	3	
9	14	36	16	3	
10	14	37	15	3	
9	10	33	15	3	
11	8	28	13	0	
13	8	30	13	3	
13	8	31	13	3	
13	9	27	13	0	
16	9	25	14	0	
15	9	30	12	0	
13	10	29	13	0	
13	9	31	13	3	
14	10	33	13	3	
12	9	33	14	3	
11	9	38	16	3	
12	6	36	13	3	
12	7	40	12	3	
14	6	39	13	3	
15	7	37	14	3	
18	6	35	14	0	
19	5	33	11	0	
19	4	27	9	0	
20	4	24	10	0	
23	5	22	8	0	
22	4	24	7	0	
21	4	27	7	0	
22	4	29	5	0	
22	5	25	6	0	
22	5	25	6	0	
25	6	25	5	0	
25	5	25	5	0	
26	5	26	5	0	
26	3	25	6	0	
26	2	25	7	0	
25	4	27	7	0	
26	3	30	7	0	
24	3	30	9	0	
25	4	28	8	0	
22	5	23	8	0	
20	8	24	7	0	
23	8	23	8	0	
24	7	23	11	0	
25	9	25	10	0	
27	12	27	9	0	
26	12	26	11	0	
24	12	23	9	0	
25	13	24	9	0	
24	12	25	9	0	
24	13	23	8	0	
27	14	22	8	0	
28	16	20	9	0	
25	15	21	7	0	
26	17	22	6	0	
22	16	22	6	0	
22	16	20	6	0	
22	18	19	6	0	
23	17	18	7	0	
24	18	18	7	0	
24	19	19	7	0	
24	17	21	7	0	
23	12	17	6	0	
22	13	19	6	0	
24	15	21	9	0	
28	16	22	7	0	
24	16	20	7	0	
25	16	18	6	0	
23	15	19	6	0	
23	14	18	9	0	
22	13	21	8	0	
24	14	20	9	0	
26	13	20	8	0	
26	12	17	9	0	
25	11	20	9	0	
26	11	21	9	0	
29	10	23	12	0	
27	8	24	12	0	
28	8	23	11	0	
30	7	26	10	0	
29	9	26	11	0	
26	10	28	11	0	
28	9	29	10	0	
30	10	27	12	0	
25	9	26	11	0	
26	9	23	10	0	
25	8	26	12	0	
24	8	28	12	0	
22	6	30	14	0	
20	6	32	16	0	
23	6	32	15	0	
22	6	30	17	0	
20	6	31	21	0	
21	5	29	19	0	
19	7	29	18	0	
18	8	27	18	0	
20	8	25	19	0	
21	11	23	19	0	
19	12	25	21	0	
19	10	22	18	0	
24	9	22	16	0	
25	9	20	16	0	
24	9	17	16	0	
22	8	16	15	0	
19	8	16	17	0	
19	7	17	16	0	
22	6	16	19	0	
26	7	17	22	0	
29	5	19	17	0	
28	6	20	16	0	
29	7	22	16	0	
31	7	21	15	0	
31	6	20	15	0	
25	4	20	16	0	
26	4	18	16	0	
27	5	18	17	0	
23	5	14	19	0	
16	5	17	20	0	
15	6	18	21	0	
16	6	17	21	0	
17	7	16	22	0	
18	8	15	21	0	
19	9	15	21	0	
20	11	16	21	0	
20	11	14	23	0	
20	11	12	22	0	
19	12	11	24	0	
19	12	12	23	0	
21	12	12	24	0	
22	11	10	28	0	
21	12	9	29	0	
23	13	9	25	0	
28	13	8	25	0	
28	14	11	24	0	
29	12	12	26	0	
28	12	11	23	0	
25	13	10	24	0	
22	12	8	26	0	
20	13	9	25	0	
24	11	9	25	0	
24	12	11	22	0	
22	12	10	27	0	
22	11	11	25	0	
24	10	10	21	0	
21	10	10	22	0	
23	11	11	22	0	
27	12	12	22	0	
27	11	9	22	0	
25	11	10	21	0	
29	12	11	21	0	
24	13	14	17	0	
24	13	15	15	0	
23	14	16	13	0	
23	13	17	11	0	
23	12	17	11	0	
22	13	16	10	0	
19	14	16	9	0	
22	15	16	9	0	
21	18	15	8	0	
24	18	16	6	0	
25	13	16	7	0	
24	13	16	9	0	
27	13	15	10	0	
28	15	14	11	0	
27	16	14	12	0	
25	16	13	10	0	
25	18	12	8	0	
24	19	13	6	0	
24	19	12	8	0	
26	19	14	7	0	
24	18	14	6	0	
23	16	15	7	0	
17	14	17	6	0	
18	12	17	5	0	
18	10	18	6	0	
16	13	17	6	0	
13	17	16	7	0	
13	20	16	7	0	
14	18	18	9	0	
17	16	17	8	0	
16	20	17	8	0	
17	20	18	6	0	
18	22	18	8	0	
17	19	21	8	0	
15	18	23	8	0	
16	19	18	7	0	
19	18	16	9	0	
21	18	16	9	0	
21	16	17	8	0	
19	18	16	8	0	
20	19	13	9	0	
20	19	16	7	0	
24	27	19	6	0	
19	26	18	6	0	
19	26	18	3	0	
19	26	17	3	0	
14	27	17	4	0	
18	27	16	5	0	
17	27	15	3	0	
15	26	14	3	0	
14	25	15	3	0	
14	21	17	4	0	
15	18	20	3	0	
15	17	16	3	0	
16	17	17	4	0	
17	16	17	5	0	
14	17	18	5	0	
13	19	15	6	0	
15	20	16	6	0	
14	18	16	5	0	
13	16	16	4	0	
10	16	14	2	0	
9	14	15	2	0	
10	18	16	2	0	
12	15	13	2	0	
12	16	15	2	0	
14	17	15	4	0	
11	15	16	4	0	
10	12	14	5	0	
9	10	17	6	0	
12	11	21	6	0	
10	12	20	6	0	
8	13	21	5	0	
7	14	21	8	0	
6	14	23	8	0	
5	17	25	9	0	
5	16	29	7	0	
5	16	29	6	0	
5	19	29	6	0	
5	19	30	5	0	
6	20	29	7	0	
5	20	31	6	0	
5	20	29	5	0	
5	20	31	6	0	
2	17	33	7	0	
3	16	34	6	0	
3	16	31	8	0	
3	14	34	7	3	
4	14	33	5	3	
4	16	35	4	3	
4	14	35	4	3	
4	13	34	4	3	
5	14	29	6	0	
5	15	36	8	3	
6	15	39	7	3	
6	15	41	6	3	
7	15	42	9	3	
4	14	42	10	3	
4	11	44	10	3	
4	8	48	10	3	
5	9	49	10	3	
5	8	48	11	3	
4	8	48	10	3	
4	9	49	9	3	
5	9	54	10	3	
5	10	56	8	3	
7	11	51	7	3	
7	10	51	6	3	
6	10	50	6	3	
6	10	52	6	3	
6	10	52	7	3	
6	10	46	6	3	
5	10	47	5	3	
4	10	48	5	3	
2	10	48	5	3	
3	10	52	5	3	
3	13	54	5	3	
3	10	56	6	3	
3	12	52	8	3	
5	12	54	8	3	
4	14	55	7	3	
3	15	52	7	3	
3	14	49	6	3	
6	16	44	5	3	
7	18	42	4	3	
10	17	42	4	3	
8	16	42	5	3	
9	12	46	5	3	
11	10	40	6	3	
11	10	39	6	3	
11	10	38	6	3	
10	10	40	7	3	
11	10	36	7	3	
12	11	35	6	3	
13	11	39	6	3	
17	12	38	8	3	
18	9	37	9	0	
17	7	34	12	0	
16	6	36	9	3	
15	4	35	10	3	
15	4	35	12	3	
15	3	34	15	3	
14	4	30	13	0	
13	5	32	11	3	
13	5	35	9	3	
12	6	34	10	3	
10	7	35	9	3	
11	7	38	9	3	
12	7	44	9	3	
14	7	46	10	3	
14	8	40	11	3	
15	6	42	13	3	
17	8	36	15	3	
17	8	42	13	3	
17	8	34	13	0	
16	8	31	10	0	
17	9	28	10	0	
16	11	25	10	0	
18	12	24	11	0	
15	11	22	10	0	
16	12	19	11	0	
14	11	17	10	0	
15	11	17	13	0	
14	13	20	13	0	
14	11	23	14	0	
15	11	22	15	0	
14	11	26	15	0	
18	14	27	18	0	
15	13	27	18	0	
16	13	27	20	0	
20	15	23	18	0	
18	17	21	17	0	
19	16	23	15	0	
19	19	23	15	0	
19	17	22	10	0	
16	17	23	9	0	
18	15	23	11	0	
17	14	25	12	0	
13	13	24	11	0	
11	11	29	11	3	
9	12	27	12	0	
10	15	23	12	0	
8	14	24	12	0	
9	13	25	11	0	
12	13	30	9	3	
12	13	34	10	3	
14	14	34	9	3	
12	12	28	8	0	
13	12	29	6	0	
10	10	32	7	3	
9	10	30	8	3	
9	9	34	8	3	
10	10	35	9	3	
10	8	36	10	3	
11	6	35	10	3	
9	7	39	9	3	
11	4	41	7	3	
9	4	43	7	3	
8	4	43	7	3	
10	3	47	7	3	
11	3	47	9	3	
11	2	48	8	3	
13	3	50	7	3	
12	3	44	9	3	
9	4	36	9	3	
8	4	36	9	3	
9	3	43	8	3	
10	1	41	8	3	
9	0	42	6	3	
11	0	45	6	3	
12	0	46	7	3	
12	0	49	6	3	
11	0	46	7	3	
11	0	44	7	3	
11	0	43	5	3	
9	1	44	5	3	
7	2	45	5	3	
8	1	42	7	3	
8	1	44	7	3	
9	1	48	6	3	
9	1	56	7	3	
8	1	59	7	3	
7	1	59	6	3	
9	1	58	6	3	
9	1	52	6	3	
7	1	55	7	3	
8	2	57	7	3	
7	2	57	7	3	
7	2	57	6	3	
8	2	55	6	3	
9	2	52	7	3	
10	3	57	9	3	
10	3	53	10	3	
10	4	53	10	3	
12	4	52	9	3	
11	6	47	9	3	
9	5	46	11	3	
11	5	43	11	3	
13	5	44	11	3	
14	5	42	11	3	
14	6	42	8	3	
11	7	43	9	3	
9	7	42	9	3	
8	9	38	11	3	
9	13	35	9	3	
9	13	35	8	3	
8	12	37	6	3	
8	11	40	5	3	
9	9	41	6	3	
9	11	35	7	3	
9	12	40	6	3	
10	10	41	6	3	
11	8	41	6	3	
10	6	39	5	3	
8	6	45	6	3	
8	6	47	7	3	
8	5	52	8	3	
9	6	55	8	3	
9	6	54	7	3	
8	5	53	7	3	
7	6	49	8	3	
9	6	49	8	3	
11	6	51	10	3	
11	7	52	8	3	
10	7	54	8	3	
10	9	55	7	3	
