0	1	0	0	0	
1	1	1	0	0	
1	1	2	1	0	
1	0	2	2	0	
0	1	2	3	0	
0	1	4	3	0	
0	2	4	2	0	
1	2	3	2	0	
1	3	4	2	0	
2	2	5	2	0	
2	2	5	2	0	
1	3	7	3	0	
0	3	8	3	0	
0	3	11	2	0	
1	5	9	2	0	
0	7	7	3	0	
1	8	7	2	0	
1	7	9	2	0	
0	7	8	2	0	
0	7	10	2	0	
0	8	9	2	0	
1	8	10	2	0	
1	9	12	1	0	
1	8	13	1	0	
2	11	13	1	0	
3	11	14	2	0	
2	10	14	2	0	
2	8	15	2	0	
0	10	15	2	0	
1	11	14	3	0	
3	12	16	3	0	
2	12	17	3	0	
2	15	16	2	0	
3	17	18	4	0	
4	20	17	4	0	
6	19	16	5	0	
6	19	15	6	0	
7	18	18	8	0	
7	19	18	7	0	
7	16	19	6	0	
8	16	19	5	0	
7	14	21	8	0	
6	17	19	10	0	
6	20	18	12	0	
8	22	18	12	0	
9	21	18	14	0	
10	20	18	16	0	
11	18	17	14	0	
11	19	16	12	0	
10	20	20	12	0	
10	22	22	11	0	
11	23	20	12	0	
9	23	20	11	0	
10	23	22	14	0	
10	20	22	16	0	
13	20	22	17	0	
14	20	21	18	0	
18	18	21	18	0	
16	17	22	20	0	
16	17	23	20	0	
18	16	19	20	0	
20	16	22	19	0	
20	16	24	21	0	
20	19	26	21	0	
19	18	24	23	0	
18	15	24	22	0	
14	15	25	21	0	
14	16	24	21	0	
12	16	26	21	0	
13	17	26	18	0	
16	16	25	20	0	
15	19	25	19	0	
13	21	25	18	0	
13	22	23	19	0	
13	20	25	18	0	
14	19	29	16	0	
13	20	28	12	0	
12	21	24	14	0	
14	21	24	13	0	
13	21	19	17	0	
13	20	18	17	0	
13	19	16	17	0	
13	18	15	17	0	
13	17	16	17	0	
14	18	17	15	0	
13	19	13	14	0	
11	19	14	14	0	
10	18	15	20	0	
10	16	15	20	0	
11	15	15	18	0	
15	17	14	18	0	
16	22	16	19	0	
13	21	17	17	0	
17	21	18	18	0	
14	21	17	19	0	
15	20	17	22	0	
14	19	15	23	0	
14	16	15	22	0	
14	15	13	19	0	
17	15	15	18	0	
17	16	14	18	0	
15	15	15	17	0	
19	16	17	18	0	
19	17	18	17	0	
20	17	18	13	0	
19	16	19	14	0	
19	17	18	14	0	
15	15	18	14	0	
16	17	18	15	0	
14	15	19	17	0	
15	16	19	15	0	
16	13	15	16	0	
18	15	14	17	0	
19	16	16	16	0	
19	17	17	19	0	
18	19	20	22	0	
16	20	19	21	0	
15	19	19	18	0	
15	18	17	20	0	
14	15	16	20	0	
13	13	17	22	0	
14	13	18	21	0	
14	16	18	19	0	
13	17	17	18	0	
13	15	16	19	0	
10	16	17	14	0	
12	16	17	11	0	
11	14	15	12	0	
9	14	17	14	0	
8	16	17	15	0	
9	17	17	13	0	
7	17	16	16	0	
9	17	19	16	0	
10	18	18	14	0	
9	19	20	15	0	
10	22	22	14	0	
8	23	19	14	0	
10	24	23	13	0	
10	21	27	12	0	
11	23	25	13	0	
11	23	22	15	0	
11	20	23	16	0	
9	21	23	16	0	
12	20	24	17	0	
13	20	25	19	0	
12	19	23	19	0	
14	19	21	19	0	
14	22	23	18	0	
12	25	23	20	0	
13	29	22	20	0	
11	30	23	20	0	
11	27	19	18	0	
12	27	18	21	0	
16	26	22	18	0	
16	24	21	18	0	
14	27	20	20	0	
15	26	20	18	0	
14	25	16	15	0	
13	25	14	16	0	
15	21	20	16	0	
18	21	19	15	0	
18	18	19	18	0	
20	17	20	17	0	
19	15	19	17	0	
17	14	19	15	0	
16	15	17	15	0	
18	13	19	15	0	
17	16	18	16	0	
17	14	19	18	0	
21	16	17	16	0	
18	16	19	17	0	
18	17	20	20	0	
18	16	19	19	0	
17	13	20	20	0	
17	15	20	24	0	
17	14	20	23	0	
15	14	17	21	0	
14	12	16	26	0	
13	12	18	29	0	
11	11	20	25	0	
11	12	21	24	0	
11	13	21	22	0	
13	15	19	25	0	
15	16	20	27	0	
16	18	19	23	0	
14	14	16	21	0	
14	14	14	25	0	
14	17	16	26	0	
17	14	18	27	0	
14	17	21	23	0	
14	19	21	26	0	
15	17	20	22	0	
13	19	20	24	0	
14	20	20	27	0	
15	18	21	26	0	
18	15	21	20	0	
19	15	20	20	0	
19	15	19	20	0	
16	13	17	21	0	
16	14	17	20	0	
16	14	16	16	0	
14	12	15	17	0	
14	12	17	15	0	
15	15	19	14	0	
15	15	15	15	0	
9	17	16	13	0	
9	16	14	14	0	
10	18	16	14	0	
8	19	16	16	0	
12	19	20	14	0	
10	21	19	16	0	
13	18	19	16	0	
15	17	16	17	0	
14	19	16	16	0	
15	17	19	15	0	
17	16	19	16	0	
16	18	18	16	0	
19	20	20	14	0	
16	19	19	15	0	
15	20	20	15	0	
17	21	21	12	0	
17	23	18	11	0	
18	22	21	12	0	
16	22	20	13	0	
17	20	18	16	0	
15	19	18	19	0	
16	19	19	18	0	
19	18	20	19	0	
20	17	20	18	0	
19	13	22	18	0	
18	14	20	19	0	
17	15	19	18	0	
16	17	18	19	0	
16	18	15	20	0	
14	19	16	17	0	
15	18	20	16	0	
15	21	23	16	0	
11	21	21	16	0	
11	20	21	14	0	
11	18	22	13	0	
11	19	22	14	0	
13	19	23	15	0	
13	18	21	14	0	
16	20	20	14	0	
14	20	19	15	0	
14	22	21	16	0	
13	22	19	19	0	
12	21	19	18	0	
10	21	19	18	0	
16	20	20	15	0	
17	22	18	15	0	
16	20	17	16	0	
14	19	16	16	0	
12	21	17	17	0	
16	19	16	17	0	
15	18	20	16	0	
18	18	22	18	0	
20	18	20	17	0	
19	17	19	19	0	
17	18	17	19	0	
19	19	16	17	0	
18	20	19	15	0	
18	20	22	13	0	
19	20	21	12	0	
18	24	24	11	0	
16	22	21	11	0	
12	20	23	12	0	
11	20	23	14	0	
11	19	21	13	0	
9	17	23	14	0	
6	18	23	14	0	
8	17	23	12	0	
8	16	21	12	0	
9	19	22	12	0	
10	16	21	11	0	
11	17	21	10	0	
10	17	24	10	0	
9	19	23	11	0	
11	21	24	12	0	
10	17	24	13	0	
9	16	17	13	0	
10	18	12	15	0	
8	16	12	14	0	
8	18	12	13	0	
10	17	13	15	0	
14	15	15	16	0	
16	16	18	17	0	
16	15	17	15	0	
16	15	17	15	0	
16	15	21	14	0	
14	17	21	13	0	
15	18	22	14	0	
16	17	22	12	0	
17	15	24	10	0	
16	18	22	10	0	
13	20	24	9	0	
13	21	24	8	0	
14	20	21	8	0	
15	19	18	10	0	
14	18	23	11	0	
15	16	20	13	0	
15	16	23	9	0	
12	18	24	9	0	
12	18	26	10	0	
13	20	24	11	0	
12	20	23	13	0	
12	19	20	11	0	
15	19	22	12	0	
13	19	22	15	0	
12	19	22	13	0	
12	20	22	15	0	
15	19	23	15	0	
15	18	26	15	0	
15	20	25	17	0	
16	19	26	15	0	
18	18	25	14	0	
16	16	26	17	0	
17	13	24	16	0	
18	12	22	15	0	
14	16	19	15	0	
13	15	18	19	0	
15	16	18	21	0	
14	14	15	22	0	
17	13	16	21	0	
19	15	14	17	0	
17	18	16	18	0	
18	17	17	18	0	
16	19	18	15	0	
16	18	20	14	0	
14	21	21	15	0	
16	25	19	13	0	
16	23	17	13	0	
15	22	14	15	0	
13	19	16	14	0	
15	19	15	13	0	
15	20	20	13	0	
15	20	19	15	0	
13	19	22	16	0	
11	19	23	14	0	
13	17	25	14	0	
11	17	23	17	0	
13	15	23	15	0	
14	17	23	18	0	
14	17	21	18	0	
12	20	22	18	0	
13	19	20	17	0	
13	19	20	15	0	
14	20	19	17	0	
12	20	20	17	0	
12	16	21	18	0	
8	18	21	18	0	
13	23	20	17	0	
16	21	17	15	0	
18	21	19	16	0	
19	16	18	16	0	
20	17	16	18	0	
18	16	17	15	0	
17	15	19	17	0	
14	17	21	16	0	
13	18	21	17	0	
13	17	20	19	0	
15	16	21	17	0	
18	15	20	19	0	
20	12	16	17	0	
19	18	15	17	0	
18	19	18	17	0	
17	18	13	17	0	
15	17	15	15	0	
16	19	19	15	0	
17	20	19	15	0	
17	20	18	15	0	
18	18	17	15	0	
19	17	19	14	0	
19	19	20	16	0	
20	19	22	16	0	
18	19	20	13	0	
20	15	21	13	0	
21	17	21	13	0	
21	18	18	19	0	
20	20	17	19	0	
19	17	19	21	0	
16	18	18	21	0	
16	18	17	19	0	
16	18	16	20	0	
12	18	15	21	0	
15	17	16	20	0	
14	17	15	21	0	
17	18	16	21	0	
16	19	17	20	0	
16	18	19	19	0	
12	15	20	18	0	
14	15	21	18	0	
11	17	22	19	0	
10	16	21	17	0	
11	17	22	14	0	
9	19	20	15	0	
10	23	21	13	0	
11	21	21	14	0	
12	20	20	13	0	
11	20	20	11	0	
10	19	20	13	0	
11	20	20	12	0	
9	22	20	14	0	
11	22	25	17	0	
14	20	23	15	0	
14	18	21	16	0	
13	17	21	19	0	
13	15	17	19	0	
11	15	18	13	0	
12	17	17	13	0	
13	16	17	14	0	
11	16	18	14	0	
12	17	19	12	0	
12	15	17	14	0	
11	15	15	14	0	
11	16	14	13	0	
10	14	17	16	0	
10	14	17	16	0	
11	12	14	17	0	
13	13	11	18	0	
12	14	11	19	0	
11	14	9	18	0	
10	10	8	16	0	
10	11	10	17	0	
13	13	10	17	0	
12	11	10	14	0	
13	11	10	16	0	
12	11	8	14	0	
14	9	8	14	0	
13	8	9	13	0	
13	10	9	13	0	
10	9	11	11	0	
10	8	11	11	0	
12	11	11	14	0	
11	14	11	16	0	
12	13	13	15	0	
13	13	12	17	0	
12	13	10	20	0	
12	11	11	21	0	
14	13	13	21	0	
15	14	12	21	0	
15	14	11	21	0	
16	12	11	22	0	
18	10	9	23	0	
21	10	8	21	0	
21	8	7	20	0	
21	6	5	23	0	
21	5	4	22	0	
20	5	5	21	0	
18	7	6	22	0	
15	9	5	20	0	
17	11	5	21	0	
17	10	6	19	0	
16	9	8	20	0	
17	9	7	19	0	
20	9	7	23	0	
21	7	6	22	0	
22	7	8	20	0	
23	8	8	19	0	
18	8	7	22	0	
18	8	5	24	0	
18	8	5	25	0	
18	6	5	24	0	
21	6	6	23	0	
20	7	6	25	0	
22	7	6	25	0	
24	6	7	25	0	
22	7	6	25	0	
22	6	8	24	0	
24	6	7	25	0	
22	6	8	26	0	
18	6	8	26	0	
21	5	8	26	0	
21	7	7	26	0	
24	8	7	26	0	
22	11	8	29	0	
20	10	9	27	0	
23	10	13	27	0	
21	13	14	27	0	
19	11	14	29	0	
21	12	15	27	0	
19	13	14	26	0	
21	12	13	26	0	
17	12	14	25	0	
15	12	16	27	0	
14	12	16	25	0	
15	13	16	28	0	
14	14	15	26	0	
11	14	13	26	0	
13	12	13	26	0	
14	14	15	24	0	
16	12	15	23	0	
14	12	13	22	0	
15	12	15	20	0	
15	13	13	20	0	
18	13	12	20	0	
17	14	13	21	0	
18	13	14	22	0	
17	16	17	21	0	
17	17	15	17	0	
17	15	17	19	0	
15	16	18	22	0	
15	15	22	22	0	
16	15	24	21	0	
14	16	23	19	0	
15	17	19	18	0	
15	15	18	22	0	
16	15	19	22	0	
18	15	20	20	0	
15	16	22	17	0	
15	20	22	17	0	
14	20	21	17	0	
11	17	22	15	0	
12	18	21	13	0	
13	18	18	15	0	
15	21	16	15	0	
14	20	17	12	0	
10	25	16	12	0	
12	17	21	13	0	
12	16	20	13	0	
11	20	18	13	0	
12	18	17	12	0	
11	16	18	12	0	
9	19	19	12	0	
8	22	18	13	0	
7	26	22	10	0	
7	23	25	10	0	
8	23	24	11	0	
7	20	25	13	0	
9	20	25	12	0	
9	20	29	13	0	
8	20	29	13	0	
9	20	30	11	0	
11	19	32	10	0	
9	19	34	8	0	
8	19	31	9	0	
9	17	33	8	0	
10	18	34	10	0	
10	20	30	10	0	
12	21	26	11	0	
11	23	27	11	0	
12	25	27	11	0	
11	24	25	12	0	
11	23	19	13	0	
13	25	17	10	0	
15	27	18	12	0	
15	27	18	13	0	
14	24	17	15	0	
14	23	21	12	0	
12	20	19	12	0	
13	22	19	13	0	
14	21	23	12	0	
13	25	25	11	0	
13	26	23	13	0	
17	25	21	13	0	
16	21	21	12	0	
14	21	20	13	0	
15	22	23	17	0	
16	22	24	17	0	
19	20	23	14	0	
15	24	25	17	0	
11	24	24	19	0	
11	22	24	19	0	
11	20	24	18	0	
11	20	27	16	0	
11	22	26	16	0	
10	21	29	16	0	
12	23	28	17	0	
14	21	27	16	0	
16	22	25	16	0	
16	22	23	15	0	
18	21	23	14	0	
20	20	22	12	0	
20	24	21	15	0	
13	21	21	16	0	
14	18	21	14	0	
13	20	21	14	0	
12	15	19	15	0	
13	14	21	16	0	
15	14	21	16	0	
17	18	19	15	0	
18	18	21	15	0	
17	18	26	14	0	
17	19	23	14	0	
17	21	22	13	0	
17	17	23	11	0	
16	16	25	12	0	
13	13	25	13	0	
12	16	25	13	0	
12	18	25	11	0	
13	20	26	10	0	
13	21	24	12	0	
15	23	22	10	0	
16	24	23	12	0	
15	25	23	14	0	
14	24	21	14	0	
11	25	17	13	0	
12	22	20	10	0	
14	20	20	10	0	
13	22	20	11	0	
12	25	19	13	0	
14	24	18	13	0	
11	22	17	14	0	
10	21	17	13	0	
11	20	18	14	0	
10	21	17	17	0	
11	21	18	16	0	
13	23	16	16	0	
14	25	15	13	0	
15	22	18	14	0	
15	22	21	17	0	
15	22	24	16	0	
16	24	24	14	0	
18	25	22	15	0	
18	25	19	17	0	
16	24	17	16	0	
14	24	19	15	0	
17	22	17	16	0	
15	23	17	13	0	
14	20	20	15	0	
15	16	22	16	0	
16	16	23	15	0	
15	16	23	14	0	
16	19	20	14	0	
16	24	22	15	0	
15	24	21	18	0	
16	21	21	15	0	
15	22	21	15	0	
14	21	22	15	0	
14	20	20	17	0	
18	21	21	18	0	
19	20	22	20	0	
16	18	24	19	0	
13	16	24	21	0	
16	16	25	21	0	
20	13	24	22	0	
20	13	22	21	0	
19	15	22	21	0	
18	16	22	20	0	
18	19	21	19	0	
19	20	20	20	0	
17	21	21	20	0	
14	21	18	23	0	
15	17	16	22	0	
17	16	19	23	0	
18	20	20	25	0	
17	17	21	21	0	
19	17	21	20	0	
19	15	21	26	0	
15	18	18	22	0	
14	21	19	19	0	
14	20	19	15	0	
10	23	20	15	0	
13	22	20	14	0	
16	22	19	14	0	
16	21	23	12	0	
16	22	23	14	0	
14	19	24	16	0	
13	21	22	16	0	
15	20	23	17	0	
17	13	20	18	0	
16	12	17	20	0	
17	14	18	20	0	
16	15	18	22	0	
18	18	16	22	0	
18	17	14	21	0	
16	17	17	22	0	
18	16	17	21	0	
17	15	16	22	0	
15	13	13	18	0	
16	17	15	18	0	
16	14	16	16	0	
17	13	16	19	0	
16	15	15	23	0	
13	12	15	26	0	
17	14	14	25	0	
19	12	14	22	0	
18	12	13	24	0	
18	10	14	25	0	
19	10	12	26	0	
17	10	13	25	0	
18	10	10	24	0	
19	9	11	23	0	
18	9	12	22	0	
19	11	9	19	0	
22	10	7	18	0	
19	11	9	14	0	
18	10	9	14	0	
19	10	8	13	0	
22	10	12	13	0	
19	11	12	16	0	
21	10	12	14	0	
18	11	14	15	0	
20	9	15	16	0	
22	9	18	17	0	
21	11	21	19	0	
21	10	18	20	0	
22	11	17	17	0	
18	13	17	16	0	
16	14	18	15	0	
17	16	17	14	0	
15	15	18	14	0	
16	17	21	15	0	
15	17	21	18	0	
13	20	22	18	0	
13	18	24	15	0	
13	20	24	16	0	
11	19	26	16	0	
12	22	27	15	0	
12	22	23	14	0	
11	25	22	14	0	
12	23	22	17	0	
10	26	21	15	0	
10	22	21	14	0	
10	16	25	12	0	
13	20	26	12	0	
12	22	24	11	0	
12	25	24	11	0	
13	27	25	10	0	
13	29	25	10	0	
13	28	29	9	0	
12	26	28	8	0	
12	26	25	8	0	
13	26	21	10	0	
12	24	19	9	0	
14	23	20	12	0	
12	22	23	13	0	
11	22	23	12	0	
11	22	22	12	0	
10	21	25	12	0	
10	19	21	12	0	
11	19	18	13	0	
11	19	16	17	0	
10	19	17	16	0	
9	15	17	16	0	
9	19	17	15	0	
11	19	17	16	0	
11	18	19	16	0	
13	18	15	17	0	
14	19	18	18	0	
14	19	17	16	0	
12	19	19	13	0	
13	18	20	15	0	
12	20	22	16	0	
12	20	23	15	0	
10	22	26	16	0	
10	19	28	16	0	
8	17	23	18	0	
9	21	21	15	0	
8	28	24	15	0	
9	31	26	15	0	
9	30	26	14	0	
8	31	26	14	0	
8	30	27	12	0	
10	27	26	13	0	
13	24	28	15	0	
12	25	25	16	0	
12	23	28	17	0	
11	22	29	19	0	
10	20	27	18	0	
13	21	28	18	0	
11	22	26	19	0	
10	17	29	19	0	
11	16	27	19	0	
10	17	27	18	0	
11	21	23	18	0	
10	21	20	17	0	
11	21	17	20	0	
9	19	18	21	0	
12	20	14	19	0	
12	17	12	19	0	
12	16	16	18	0	
14	17	18	16	0	
13	15	19	15	0	
13	16	19	21	0	
17	11	22	20	0	
14	13	22	16	0	
10	13	22	12	0	
13	13	21	11	0	
11	14	23	12	0	
10	14	23	12	0	
12	15	23	11	0	
11	16	23	11	0	
11	14	23	9	0	
12	17	21	10	0	
13	18	19	12	0	
14	17	18	13	0	
13	19	17	15	0	
11	19	14	13	0	
9	20	14	15	0	
10	18	14	13	0	
9	19	15	16	0	
9	19	13	14	0	
10	15	17	13	0	
13	18	17	12	0	
13	19	18	11	0	
13	22	15	12	0	
12	22	17	14	0	
13	23	18	13	0	
11	22	18	12	0	
12	23	16	14	0	
13	24	15	15	0	
14	23	17	15	0	
15	18	17	15	0	
13	17	18	17	0	
12	15	21	17	0	
10	15	23	19	0	
13	17	22	18	0	
13	16	22	16	0	
12	16	21	17	0	
13	17	21	18	0	
14	18	21	15	0	
11	17	19	14	0	
13	16	20	15	0	
12	18	19	15	0	
12	17	20	15	0	
12	19	19	15	0	
12	20	15	13	0	
11	22	15	13	0	
12	21	16	11	0	
12	19	18	12	0	
12	22	21	12	0	
16	23	15	10	0	
17	22	18	11	0	
17	22	18	13	0	
16	22	18	12	0	
14	23	17	9	0	
14	21	20	11	0	
13	23	21	13	0	
12	22	19	12	0	
13	22	21	13	0	
16	22	20	13	0	
16	21	18	11	0	
15	20	16	13	0	
17	19	16	9	0	
17	19	17	11	0	
16	17	18	10	0	
15	12	19	12	0	
14	15	20	15	0	
14	14	19	17	0	
15	11	19	15	0	
16	13	19	15	0	
15	12	19	17	0	
15	15	19	15	0	
16	18	20	14	0	
14	20	22	16	0	
11	20	19	18	0	
14	21	17	20	0	
14	20	22	20	0	
13	20	23	20	0	
13	22	19	20	0	
14	24	19	19	0	
13	24	19	19	0	
13	25	18	17	0	
12	24	19	20	0	
11	25	22	19	0	
12	26	21	17	0	
12	25	21	17	0	
13	26	21	18	0	
14	23	22	17	0	
15	23	21	16	0	
15	24	21	15	0	
13	24	24	14	0	
13	24	24	12	0	
16	24	21	12	0	
14	22	22	11	0	
11	26	22	11	0	
12	25	24	7	0	
11	26	25	6	0	
9	25	28	8	0	
9	25	30	9	0	
11	29	34	9	0	
11	26	37	10	0	
10	23	35	11	0	
11	21	32	12	0	
10	22	34	12	0	
8	22	36	10	0	
9	23	32	9	0	
11	20	33	11	0	
10	20	30	11	0	
11	20	33	10	0	
12	19	29	11	0	
12	16	30	12	0	
12	20	27	13	0	
11	22	28	11	0	
13	22	28	12	0	
13	22	28	12	0	
13	23	24	14	0	
12	25	24	11	0	
13	24	27	13	0	
15	25	28	14	0	
15	26	24	12	0	
15	24	23	16	0	
13	24	20	18	0	
14	23	21	20	0	
15	23	21	20	0	
15	23	23	19	0	
14	25	24	16	0	
13	24	20	17	0	
16	26	22	18	0	
14	26	22	19	0	
12	23	23	18	0	
11	22	27	18	0	
12	23	25	17	0	
13	26	23	18	0	
15	24	21	16	0	
15	22	19	15	0	
16	22	20	16	0	
17	24	22	19	0	
18	25	22	17	0	
17	24	21	15	0	
19	19	21	18	0	
18	19	22	14	0	
15	19	22	17	0	
14	19	23	12	0	
15	19	18	15	0	
18	20	19	15	0	
16	21	19	17	0	
14	22	17	16	0	
14	21	18	17	0	
15	18	14	16	0	
15	18	17	19	0	
15	19	18	20	0	
17	18	18	16	0	
18	17	21	15	0	
15	16	21	17	0	
15	20	22	19	0	
13	20	23	19	0	
12	21	23	17	0	
11	21	23	15	0	
13	20	24	18	0	
13	19	28	17	0	
13	22	26	18	0	
13	22	24	14	0	
11	24	26	14	0	
11	25	26	14	0	
12	24	26	15	0	
12	26	24	15	0	
14	25	22	16	0	
14	25	23	16	0	
13	23	23	17	0	
13	26	23	18	0	
14	24	25	17	0	
13	23	22	17	0	
13	24	25	17	0	
13	25	23	15	0	
14	22	25	15	0	
14	19	29	13	0	
18	18	28	12	0	
17	23	26	15	0	
17	23	23	15	0	
15	23	20	16	0	
16	24	21	15	0	
18	25	25	15	0	
17	28	25	14	0	
16	25	20	14	0	
16	26	19	11	0	
16	26	23	13	0	
14	22	27	13	0	
13	23	29	16	0	
13	21	28	14	0	
13	22	25	16	0	
17	24	24	16	0	
19	22	24	17	0	
17	20	25	16	0	
18	20	21	16	0	
18	18	22	13	0	
19	17	20	13	0	
19	15	25	12	0	
19	13	28	15	0	
17	16	25	13	0	
16	16	24	13	0	
14	17	20	13	0	
14	20	20	14	0	
13	21	17	16	0	
13	20	17	17	0	
13	20	14	13	0	
12	20	18	15	0	
16	17	19	13	0	
15	16	20	16	0	
14	18	21	16	0	
17	19	23	12	0	
18	21	23	11	0	
15	21	21	13	0	
13	22	22	15	0	
11	24	21	17	0	
12	22	23	14	0	
12	25	23	15	0	
9	25	21	13	0	
11	28	19	14	0	
11	23	18	13	0	
12	26	20	14	0	
11	27	18	13	0	
13	27	20	15	0	
11	24	22	15	0	
12	21	20	14	0	
10	18	24	15	0	
14	18	22	12	0	
15	21	20	12	0	
13	17	21	13	0	
