0	1	0	0	0	
0	1	0	1	0	
0	1	0	2	0	
0	1	0	3	0	
2	1	0	2	0	
2	2	1	2	0	
1	2	2	2	0	
1	4	3	2	0	
1	4	4	2	0	
1	4	3	2	0	
2	5	4	2	0	
3	4	5	3	0	
4	5	4	3	0	
5	5	6	3	0	
6	7	8	3	0	
5	11	9	1	0	
4	10	8	2	0	
5	10	7	2	0	
7	10	5	4	0	
6	9	7	8	0	
6	9	9	8	0	
5	11	8	9	0	
6	11	11	8	0	
8	8	12	7	0	
10	10	12	6	0	
11	12	12	4	0	
10	16	16	5	0	
10	16	19	6	0	
10	19	19	8	0	
11	20	17	7	0	
13	21	18	9	0	
13	21	19	8	0	
14	22	22	10	0	
14	22	23	10	0	
12	19	23	10	0	
11	19	22	10	0	
12	19	20	11	0	
10	16	19	10	0	
13	17	17	11	0	
12	18	18	14	0	
8	20	18	13	0	
9	18	19	13	0	
11	18	20	16	0	
11	19	23	19	0	
11	20	21	18	0	
11	22	19	16	0	
11	27	21	15	0	
12	25	20	15	0	
13	24	23	14	0	
15	25	21	12	0	
12	26	23	12	0	
12	24	22	12	0	
12	21	19	14	0	
8	22	22	14	0	
9	19	23	15	0	
10	23	24	19	0	
10	26	18	20	0	
12	26	19	18	0	
12	24	20	18	0	
12	27	22	20	0	
11	23	25	21	0	
11	20	24	21	0	
10	18	24	21	0	
14	15	22	22	0	
14	18	22	24	0	
14	17	25	24	0	
13	20	23	22	0	
15	19	21	21	0	
16	15	22	20	0	
18	14	24	18	0	
18	16	22	18	0	
16	19	21	19	0	
17	19	22	21	0	
17	17	23	19	0	
16	19	23	20	0	
14	18	22	19	0	
13	18	19	18	0	
13	19	18	17	0	
12	19	20	18	0	
10	23	16	18	0	
11	20	18	16	0	
10	24	20	17	0	
9	27	21	16	0	
9	28	21	16	0	
11	24	23	17	0	
13	21	27	18	0	
15	20	25	17	0	
14	20	24	16	0	
13	19	25	16	0	
13	20	23	17	0	
12	18	23	17	0	
13	20	26	18	0	
15	22	26	16	0	
15	22	22	19	0	
14	21	24	20	0	
13	23	27	20	0	
10	24	26	21	0	
12	22	28	22	0	
12	24	28	23	0	
12	24	26	22	0	
11	21	26	19	0	
10	20	23	20	0	
10	19	23	17	0	
11	17	22	19	0	
10	16	23	21	0	
10	19	26	22	0	
13	20	24	23	0	
13	20	24	24	0	
14	18	23	25	0	
14	20	23	27	0	
15	18	21	23	0	
15	19	20	25	0	
16	16	22	27	0	
16	15	22	25	0	
17	14	19	23	0	
16	12	20	26	0	
15	13	19	26	0	
16	16	16	24	0	
17	17	17	20	0	
15	17	19	16	0	
17	18	19	17	0	
19	16	19	15	0	
20	16	19	14	0	
20	14	18	16	0	
19	14	19	18	0	
18	12	16	19	0	
15	14	15	20	0	
15	18	16	22	0	
15	18	15	22	0	
14	16	17	22	0	
16	18	20	20	0	
16	19	20	19	0	
19	19	21	17	0	
16	21	20	17	0	
16	21	17	17	0	
17	22	19	15	0	
16	22	18	13	0	
18	21	16	15	0	
17	19	20	17	0	
17	20	19	19	0	
17	22	18	19	0	
19	20	16	19	0	
20	19	14	20	0	
18	19	15	19	0	
18	21	14	18	0	
20	22	11	20	0	
17	23	13	19	0	
15	19	15	19	0	
14	19	14	19	0	
16	20	15	19	0	
18	19	15	22	0	
18	19	16	20	0	
18	19	16	18	0	
17	17	17	17	0	
16	17	16	14	0	
16	15	18	14	0	
18	17	19	12	0	
19	17	17	14	0	
17	14	15	20	0	
17	10	14	22	0	
17	10	11	21	0	
17	13	8	23	0	
16	10	8	22	0	
17	10	8	22	0	
18	12	6	22	0	
20	12	10	19	0	
21	14	11	18	0	
20	12	10	21	0	
17	13	10	22	0	
19	14	11	22	0	
19	13	12	21	0	
20	14	15	20	0	
20	14	15	22	0	
20	12	16	22	0	
18	15	15	22	0	
19	16	16	20	0	
16	16	15	21	0	
16	18	12	20	0	
14	18	16	19	0	
15	19	15	19	0	
17	20	17	22	0	
18	18	19	20	0	
18	19	18	21	0	
18	18	16	20	0	
15	18	15	21	0	
15	20	13	21	0	
17	19	15	23	0	
16	14	16	23	0	
13	15	17	14	0	
15	18	16	14	0	
15	20	17	17	0	
16	21	16	17	0	
18	22	15	17	0	
15	23	16	19	0	
14	21	18	20	0	
10	21	17	20	0	
9	21	14	19	0	
10	20	14	18	0	
11	17	16	18	0	
10	14	20	21	0	
12	13	23	21	0	
13	12	24	22	0	
17	15	23	21	0	
15	16	21	18	0	
13	18	22	19	0	
15	20	22	22	0	
13	19	19	20	0	
13	18	19	19	0	
13	20	20	17	0	
14	21	24	17	0	
16	19	25	15	0	
16	20	20	17	0	
14	19	19	20	0	
14	20	17	18	0	
17	19	19	14	0	
20	19	18	14	0	
20	18	16	18	0	
20	22	14	23	0	
20	22	16	21	0	
20	21	16	20	0	
20	23	18	20	0	
19	23	17	20	0	
19	21	17	21	0	
20	21	15	20	0	
18	20	16	19	0	
16	19	17	24	0	
12	18	18	23	0	
12	17	17	20	0	
16	18	17	18	0	
16	14	18	17	0	
14	14	16	15	0	
18	12	14	14	0	
16	13	14	17	0	
18	13	15	18	0	
14	12	18	18	0	
12	13	18	18	0	
10	15	17	14	0	
11	18	17	16	0	
12	19	14	14	0	
15	21	13	12	0	
13	17	12	13	0	
13	17	11	11	0	
11	13	12	12	0	
11	11	16	14	0	
11	9	15	15	0	
14	10	14	15	0	
14	12	14	16	0	
14	14	12	19	0	
14	16	12	18	0	
16	15	10	17	0	
17	15	13	18	0	
19	17	13	20	0	
19	15	11	19	0	
18	13	10	17	0	
17	15	10	17	0	
17	15	12	19	0	
16	17	12	15	0	
16	16	13	15	0	
15	17	13	17	0	
15	15	13	16	0	
16	19	13	16	0	
17	16	15	16	0	
16	19	16	17	0	
19	19	15	17	0	
19	18	15	18	0	
19	17	15	18	0	
18	19	14	19	0	
15	19	15	16	0	
15	21	14	21	0	
15	22	15	18	0	
14	21	14	12	0	
15	18	16	11	0	
15	15	18	12	0	
17	15	19	13	0	
17	18	18	15	0	
14	18	15	15	0	
14	18	16	16	0	
13	23	17	15	0	
12	21	19	16	0	
15	21	20	18	0	
14	25	19	18	0	
15	22	20	18	0	
13	24	19	20	0	
14	24	17	18	0	
16	25	16	17	0	
17	26	15	15	0	
18	28	19	15	0	
18	28	20	16	0	
16	27	18	15	0	
16	25	17	14	0	
15	26	18	14	0	
14	25	18	13	0	
15	25	17	14	0	
12	24	19	14	0	
10	21	23	14	0	
9	20	24	14	0	
9	20	27	14	0	
10	25	27	14	0	
9	26	27	15	0	
7	24	27	12	0	
8	28	30	12	0	
10	25	29	14	0	
11	25	28	14	0	
13	27	27	15	0	
13	26	27	14	0	
13	24	24	15	0	
13	25	27	18	0	
13	22	26	17	0	
11	21	25	15	0	
10	23	25	15	0	
11	21	23	15	0	
12	22	21	15	0	
12	24	24	15	0	
11	25	27	16	0	
11	26	30	17	0	
14	27	29	17	0	
12	24	30	16	0	
11	22	31	16	0	
13	22	27	13	0	
14	24	27	13	0	
15	22	24	12	0	
17	23	23	10	0	
18	24	23	12	0	
16	23	25	13	0	
17	21	26	11	0	
17	24	25	11	0	
16	25	25	13	0	
15	26	19	12	0	
16	27	17	13	0	
15	22	16	13	0	
17	22	18	14	0	
16	20	20	14	0	
17	20	24	13	0	
20	22	23	13	0	
19	22	23	16	0	
18	21	24	14	0	
17	22	25	12	0	
17	22	24	15	0	
19	24	23	15	0	
19	21	26	13	0	
17	19	24	15	0	
16	19	20	15	0	
16	18	22	15	0	
15	17	21	16	0	
16	15	19	14	0	
18	13	18	14	0	
16	15	17	13	0	
16	15	17	13	0	
16	11	18	14	0	
17	13	16	13	0	
16	17	16	11	0	
18	14	14	12	0	
18	14	14	12	0	
16	12	14	13	0	
14	15	12	16	0	
16	14	13	14	0	
17	14	12	15	0	
16	16	14	13	0	
17	16	12	14	0	
17	15	14	16	0	
18	16	17	17	0	
22	19	16	21	0	
22	21	17	18	0	
18	21	18	16	0	
15	23	21	19	0	
16	19	19	21	0	
14	20	17	22	0	
14	19	15	18	0	
15	21	17	13	0	
14	19	18	13	0	
16	17	15	11	0	
14	19	17	12	0	
17	19	15	12	0	
14	17	15	12	0	
15	20	12	11	0	
12	17	15	12	0	
10	17	13	12	0	
11	16	15	14	0	
11	16	14	15	0	
13	13	14	15	0	
11	12	12	17	0	
11	10	13	19	0	
14	11	12	20	0	
16	12	15	18	0	
14	13	15	21	0	
18	14	15	21	0	
19	13	15	19	0	
17	14	16	20	0	
16	12	16	19	0	
17	11	13	21	0	
20	16	12	18	0	
19	20	12	16	0	
21	19	13	20	0	
21	18	13	18	0	
19	15	11	15	0	
20	17	11	16	0	
19	17	12	15	0	
17	17	15	13	0	
14	14	15	15	0	
12	13	15	14	0	
11	13	15	13	0	
9	12	16	15	0	
10	16	16	17	0	
12	17	20	17	0	
12	18	21	13	0	
10	18	21	14	0	
9	20	22	13	0	
10	17	23	13	0	
10	18	22	12	0	
9	17	22	12	0	
11	21	21	10	0	
9	22	21	10	0	
7	20	21	6	0	
6	21	24	7	0	
6	22	23	6	0	
7	21	20	5	0	
9	23	21	7	0	
9	24	20	8	0	
6	20	18	9	0	
6	21	19	9	0	
9	22	19	9	0	
7	23	17	13	0	
8	20	17	14	0	
9	18	17	15	0	
9	20	17	15	0	
8	20	17	16	0	
10	20	20	17	0	
13	22	18	19	0	
14	21	18	18	0	
11	20	20	15	0	
13	20	25	16	0	
13	19	27	15	0	
13	21	28	13	0	
13	19	28	12	0	
11	19	24	13	0	
8	19	25	13	0	
11	23	22	13	0	
10	23	25	12	0	
9	24	21	10	0	
10	25	23	11	0	
11	28	22	10	0	
13	26	20	10	0	
12	24	19	11	0	
13	23	23	13	0	
11	19	20	14	0	
12	17	25	12	0	
10	18	24	13	0	
10	19	23	13	0	
12	20	20	13	0	
12	19	19	17	0	
13	19	19	14	0	
12	16	22	15	0	
13	19	20	16	0	
15	18	17	16	0	
15	15	18	14	0	
14	15	18	19	0	
13	13	17	16	0	
12	13	19	16	0	
13	16	21	14	0	
11	15	20	15	0	
12	13	18	15	0	
13	13	20	16	0	
10	15	22	15	0	
10	18	22	17	0	
13	16	20	16	0	
12	16	20	13	0	
14	14	19	13	0	
14	17	14	14	0	
16	18	15	14	0	
14	19	16	13	0	
14	17	14	13	0	
16	19	16	12	0	
16	18	17	14	0	
13	17	15	14	0	
15	16	11	20	0	
16	18	15	20	0	
16	18	15	22	0	
15	20	15	22	0	
14	21	16	20	0	
14	21	16	22	0	
18	18	19	22	0	
16	21	19	20	0	
20	18	19	17	0	
17	18	18	18	0	
17	20	20	20	0	
19	23	20	22	0	
21	21	22	19	0	
22	22	19	18	0	
24	19	20	17	0	
23	19	17	19	0	
24	18	16	21	0	
24	17	16	22	0	
23	16	18	21	0	
23	15	19	22	0	
23	15	17	20	0	
25	15	15	19	0	
23	13	13	25	0	
22	12	14	24	0	
23	13	12	23	0	
24	12	10	21	0	
25	13	12	19	0	
24	14	9	21	0	
24	14	12	21	0	
21	15	12	27	0	
24	15	11	27	0	
24	16	13	27	0	
27	13	13	23	0	
26	15	14	22	0	
26	20	12	22	0	
25	19	14	22	0	
24	21	14	24	0	
23	20	15	22	0	
25	20	15	21	0	
25	19	14	26	0	
21	20	14	25	0	
21	19	15	24	0	
20	18	18	24	0	
21	20	16	20	0	
19	21	15	18	0	
22	22	16	18	0	
19	22	18	20	0	
19	19	16	19	0	
20	18	15	18	0	
23	19	12	19	0	
21	16	14	21	0	
21	15	12	20	0	
19	17	15	19	0	
18	20	14	18	0	
17	21	13	19	0	
18	21	13	20	0	
21	20	12	20	0	
24	19	13	20	0	
21	19	12	16	0	
21	18	14	17	0	
20	15	17	19	0	
19	17	19	21	0	
20	17	19	21	0	
19	15	17	24	0	
20	16	18	21	0	
17	14	17	22	0	
15	10	18	20	0	
16	8	17	23	0	
17	8	13	25	0	
20	6	11	24	0	
22	7	11	23	0	
22	6	11	26	0	
22	5	12	23	0	
20	6	12	24	0	
19	6	14	24	0	
20	8	13	20	0	
23	10	11	21	0	
20	10	11	21	0	
23	12	12	25	0	
23	13	10	22	0	
24	17	9	22	0	
24	15	8	22	0	
20	14	9	26	0	
22	16	12	25	0	
22	17	18	25	0	
22	16	19	24	0	
23	16	17	22	0	
18	18	15	25	0	
17	19	17	26	0	
15	17	19	24	0	
14	16	18	23	0	
14	16	23	25	0	
16	15	19	24	0	
14	19	20	23	0	
12	18	22	25	0	
14	15	22	22	0	
13	11	21	23	0	
14	14	20	18	0	
12	14	16	17	0	
11	14	16	16	0	
10	13	16	20	0	
13	15	17	19	0	
15	10	19	20	0	
14	13	20	17	0	
14	15	16	15	0	
14	18	15	18	0	
17	20	14	16	0	
18	21	18	16	0	
16	19	18	20	0	
17	21	20	19	0	
20	21	17	20	0	
16	22	19	17	0	
15	22	17	19	0	
14	23	18	19	0	
14	21	17	15	0	
15	22	17	14	0	
15	22	21	14	0	
17	20	19	21	0	
18	22	22	22	0	
18	20	22	19	0	
18	18	19	21	0	
17	16	20	21	0	
20	14	18	19	0	
19	14	18	21	0	
20	14	18	21	0	
18	16	21	20	0	
16	15	21	22	0	
14	14	20	23	0	
19	15	16	22	0	
21	16	17	18	0	
20	16	16	16	0	
22	17	18	17	0	
18	14	20	17	0	
19	12	22	18	0	
22	14	19	20	0	
23	13	18	24	0	
22	11	17	27	0	
21	8	15	23	0	
24	10	15	21	0	
21	9	15	20	0	
23	9	15	21	0	
22	9	15	24	0	
23	8	14	26	0	
23	9	13	28	0	
21	10	14	27	0	
23	13	14	29	0	
25	13	15	25	0	
24	16	12	23	0	
22	17	14	21	0	
22	19	16	20	0	
21	18	18	22	0	
22	19	16	22	0	
23	19	17	23	0	
23	19	17	24	0	
22	17	17	27	0	
18	16	21	26	0	
19	14	19	26	0	
18	15	20	24	0	
15	17	20	25	0	
16	18	21	22	0	
13	19	23	21	0	
14	18	19	17	0	
14	18	19	16	0	
13	18	23	16	0	
14	20	24	18	0	
15	18	26	17	0	
14	17	24	16	0	
13	21	25	17	0	
13	24	22	15	0	
14	24	24	14	0	
14	24	24	13	0	
15	23	23	13	0	
15	25	17	14	0	
12	27	22	15	0	
15	29	21	14	0	
17	29	18	16	0	
18	25	21	13	0	
17	24	22	13	0	
15	22	23	15	0	
13	22	24	15	0	
13	26	22	16	0	
13	26	23	17	0	
14	29	20	15	0	
13	25	23	17	0	
13	28	20	15	0	
12	30	21	14	0	
13	27	21	17	0	
13	23	19	18	0	
13	18	19	20	0	
19	19	20	19	0	
17	20	19	20	0	
17	20	17	19	0	
17	22	20	18	0	
16	24	19	19	0	
16	22	22	19	0	
17	24	21	20	0	
15	25	22	17	0	
15	25	20	18	0	
12	27	19	16	0	
11	23	19	17	0	
11	25	18	16	0	
11	22	17	12	0	
11	23	15	12	0	
11	21	17	13	0	
12	20	18	15	0	
14	20	20	14	0	
16	19	24	14	0	
15	20	23	13	0	
15	20	21	14	0	
12	23	18	13	0	
10	23	19	14	0	
10	22	18	14	0	
10	20	21	15	0	
11	18	23	14	0	
14	17	25	11	0	
12	19	21	14	0	
12	20	21	12	0	
13	16	21	9	0	
12	20	21	11	0	
13	15	23	12	0	
15	16	22	16	0	
15	15	22	16	0	
15	16	27	16	0	
16	16	25	16	0	
15	16	26	16	0	
15	13	25	18	0	
16	16	23	19	0	
15	16	21	19	0	
16	16	18	18	0	
15	17	14	16	0	
14	16	15	10	0	
14	15	15	11	0	
12	17	17	11	0	
12	17	19	9	0	
10	15	20	8	0	
12	16	24	8	0	
12	16	24	7	0	
8	17	21	6	0	
6	16	22	8	0	
8	16	20	9	0	
10	14	21	7	0	
11	15	16	9	0	
12	15	17	11	0	
11	13	17	12	0	
13	15	18	13	0	
14	14	17	14	0	
14	15	17	17	0	
14	14	16	13	0	
14	16	16	12	0	
14	16	17	11	0	
15	20	18	12	0	
15	20	14	14	0	
16	17	13	15	0	
16	16	13	17	0	
17	15	14	21	0	
15	13	15	19	0	
16	14	16	18	0	
15	15	15	20	0	
15	16	16	19	0	
17	15	17	20	0	
19	17	17	21	0	
17	16	17	20	0	
18	16	18	19	0	
17	16	21	17	0	
14	16	22	16	0	
15	19	23	15	0	
16	18	22	16	0	
18	21	18	17	0	
19	18	20	18	0	
20	19	19	17	0	
19	16	18	19	0	
19	16	18	18	0	
18	16	19	17	0	
17	17	19	16	0	
18	19	19	16	0	
18	16	19	16	0	
18	20	17	16	0	
18	19	18	17	0	
17	18	21	18	0	
17	16	21	21	0	
16	18	18	20	0	
15	17	19	21	0	
14	17	15	20	0	
13	19	16	18	0	
13	18	15	15	0	
15	19	16	14	0	
14	16	16	16	0	
15	16	13	15	0	
15	16	16	17	0	
13	14	20	17	0	
14	15	18	18	0	
13	17	16	18	0	
15	15	13	18	0	
17	17	16	20	0	
17	18	18	18	0	
15	20	21	20	0	
17	21	21	22	0	
17	22	22	25	0	
18	19	23	25	0	
18	18	20	27	0	
15	17	20	27	0	
15	18	23	26	0	
14	17	20	26	0	
13	13	21	22	0	
14	14	22	22	0	
16	12	22	20	0	
17	12	20	19	0	
19	12	18	21	0	
19	13	19	18	0	
17	15	20	19	0	
17	15	20	16	0	
17	15	21	16	0	
15	17	22	17	0	
17	19	24	17	0	
18	23	25	16	0	
15	22	21	19	0	
16	19	22	18	0	
15	19	22	18	0	
14	20	21	16	0	
14	19	24	16	0	
12	22	22	12	0	
11	24	24	13	0	
14	24	23	11	0	
12	24	26	11	0	
13	24	25	11	0	
14	22	27	12	0	
12	25	27	10	0	
14	26	27	12	0	
14	28	27	11	0	
12	25	27	10	0	
13	24	28	9	0	
10	24	27	9	0	
10	25	23	8	0	
12	22	22	9	0	
12	19	26	9	0	
11	19	26	8	0	
12	19	24	15	0	
13	17	22	14	0	
11	18	21	14	0	
11	17	20	15	0	
14	18	20	14	0	
12	16	19	15	0	
12	13	19	17	0	
11	14	20	19	0	
14	12	22	20	0	
16	14	22	20	0	
14	14	22	18	0	
14	15	21	19	0	
13	15	21	17	0	
13	10	22	17	0	
14	12	21	17	0	
14	11	19	21	0	
13	13	19	22	0	
15	14	16	22	0	
13	14	14	23	0	
13	14	19	23	0	
14	17	18	22	0	
14	16	18	22	0	
16	17	19	22	0	
15	17	21	20	0	
14	20	17	16	0	
14	21	20	14	0	
15	20	18	13	0	
14	20	16	14	0	
13	20	14	15	0	
13	18	13	16	0	
14	14	12	16	0	
13	15	12	14	0	
12	16	16	15	0	
14	15	19	13	0	
16	16	20	13	0	
16	17	22	12	0	
13	19	24	12	0	
14	15	18	12	0	
12	14	21	12	0	
11	16	21	10	0	
11	15	24	9	0	
12	14	23	11	0	
13	11	26	10	0	
13	13	24	12	0	
12	15	23	14	0	
15	17	22	11	0	
14	17	20	13	0	
15	17	21	11	0	
14	18	19	12	0	
13	18	18	12	0	
14	21	17	10	0	
15	21	21	10	0	
11	24	20	9	0	
12	25	18	12	0	
14	23	16	11	0	
16	23	18	10	0	
14	24	20	9	0	
15	23	21	10	0	
15	21	20	10	0	
16	21	19	11	0	
19	21	20	13	0	
18	15	21	12	0	
17	12	22	15	0	
17	12	19	14	0	
19	15	20	16	0	
19	16	22	17	0	
20	18	22	18	0	
19	19	17	18	0	
17	19	17	21	0	
19	18	17	21	0	
17	18	18	22	0	
16	15	18	21	0	
11	18	21	22	0	
16	20	21	23	0	
16	22	21	24	0	
16	23	21	20	0	
14	18	21	18	0	
15	18	24	17	0	
12	20	23	19	0	
14	17	24	18	0	
13	20	26	20	0	
14	17	25	20	0	
11	17	23	17	0	
11	14	23	17	0	
11	13	23	18	0	
16	14	24	17	0	
16	13	23	17	0	
18	15	21	19	0	
20	14	16	18	0	
18	16	14	16	0	
16	17	13	17	0	
20	16	13	18	0	
20	15	13	21	0	
18	16	14	20	0	
19	18	15	21	0	
20	16	12	24	0	
20	16	13	25	0	
19	15	14	26	0	
19	14	15	27	0	
20	12	17	25	0	
18	11	17	25	0	
18	15	17	26	0	
16	14	16	28	0	
18	15	13	27	0	
17	13	13	28	0	
18	14	10	28	0	
15	15	12	26	0	
15	16	14	25	0	
18	17	14	24	0	
20	18	15	23	0	
19	17	15	23	0	
20	17	15	24	0	
18	15	15	25	0	
16	18	14	26	0	
16	17	11	25	0	
17	15	11	25	0	
16	14	11	24	0	
18	14	12	22	0	
18	14	13	22	0	
20	14	12	22	0	
18	16	12	25	0	
20	14	10	21	0	
17	13	12	21	0	
15	9	11	22	0	
14	9	11	26	0	
18	6	8	25	0	
17	8	8	22	0	
18	8	8	19	0	
15	7	8	19	0	
13	7	10	19	0	
13	8	11	21	0	
16	8	11	20	0	
18	8	10	20	0	
17	9	14	18	0	
18	12	13	19	0	
18	13	15	16	0	
21	12	16	18	0	
17	12	21	17	0	
16	13	20	18	0	
19	15	20	19	0	
17	17	21	18	0	
18	15	20	21	0	
18	15	19	20	0	
18	16	18	19	0	
16	17	16	19	0	
15	16	16	21	0	
14	15	15	18	0	
15	17	14	16	0	
16	14	16	16	0	
16	15	17	18	0	
15	16	18	17	0	
14	16	19	18	0	
14	16	15	18	0	
15	16	16	16	0	
13	13	15	18	0	
13	14	17	17	0	
16	13	16	19	0	
20	12	14	19	0	
19	13	17	20	0	
21	16	17	21	0	
20	14	15	22	0	
22	12	13	26	0	
20	13	13	24	0	
22	12	12	22	0	
23	12	13	22	0	
22	14	13	20	0	
21	14	10	16	0	
20	14	13	16	0	
20	12	15	17	0	
23	11	16	18	0	
23	12	15	20	0	
21	11	16	24	0	
20	11	16	23	0	
18	11	16	21	0	
21	13	16	22	0	
22	14	14	22	0	
21	13	16	21	0	
22	13	16	20	0	
19	15	16	22	0	
16	18	14	22	0	
17	16	15	20	0	
19	15	13	21	0	
16	13	13	18	0	
14	13	11	20	0	
16	15	10	15	0	
17	13	8	13	0	
20	9	9	16	0	
18	11	7	18	0	
21	9	9	16	0	
20	8	8	17	0	
