0	1	0	0	0	
0	1	1	0	0	
0	1	1	1	0	
1	0	1	2	0	
1	2	0	1	0	
1	2	1	2	0	
1	2	1	3	0	
1	1	1	2	0	
1	2	1	3	0	
1	3	1	3	0	
2	3	1	4	0	
5	3	3	3	0	
5	3	4	5	0	
4	3	4	5	0	
4	3	6	7	0	
3	4	4	7	0	
4	4	4	5	0	
5	4	5	7	0	
6	4	5	8	0	
7	5	4	9	0	
7	4	4	10	0	
7	4	5	8	0	
7	6	5	7	0	
7	7	7	7	0	
9	8	6	6	0	
9	8	5	7	0	
8	10	5	8	0	
8	11	4	8	0	
8	11	5	9	0	
7	10	3	10	0	
10	7	4	9	0	
8	5	4	9	0	
8	5	5	9	0	
8	6	6	9	0	
11	5	9	8	0	
12	3	12	8	0	
13	4	11	14	0	
13	4	12	12	0	
14	6	12	10	0	
9	6	12	11	0	
10	9	12	11	0	
10	9	13	11	0	
8	10	15	12	0	
5	9	15	10	0	
5	12	13	10	0	
5	10	12	10	0	
3	11	13	10	0	
3	12	13	9	0	
5	13	14	9	0	
5	15	11	11	0	
8	18	12	9	0	
6	21	10	11	0	
5	21	13	14	0	
7	21	16	14	0	
6	24	17	12	0	
7	21	18	12	0	
7	18	18	13	0	
10	17	17	12	0	
11	16	16	13	0	
12	16	18	12	0	
12	17	20	15	0	
10	15	20	15	0	
11	14	18	13	0	
12	15	16	14	0	
13	17	17	11	0	
11	16	18	10	0	
10	19	20	9	0	
9	21	22	12	0	
9	19	18	11	0	
9	18	19	12	0	
9	17	20	14	0	
8	19	23	14	0	
9	19	21	13	0	
7	17	25	12	0	
8	15	26	12	0	
8	18	26	11	0	
8	19	26	7	0	
10	22	24	6	0	
10	21	24	5	0	
10	21	24	5	0	
9	18	23	6	0	
11	18	24	8	0	
11	20	26	9	0	
12	24	24	10	0	
12	23	22	10	0	
13	24	21	10	0	
11	22	20	9	0	
12	22	19	10	0	
10	24	22	14	0	
10	25	26	11	0	
10	25	25	10	0	
9	25	25	9	0	
10	28	25	9	0	
11	27	24	9	0	
13	27	23	9	0	
11	29	28	10	0	
10	27	27	9	0	
10	26	26	10	0	
9	27	31	9	0	
7	27	30	10	0	
8	26	26	10	0	
8	25	24	9	0	
7	23	23	11	0	
9	22	23	11	0	
10	22	23	10	0	
8	22	20	13	0	
6	20	21	15	0	
6	20	23	16	0	
5	19	24	16	0	
7	19	25	12	0	
7	20	23	11	0	
8	18	21	11	0	
8	18	17	12	0	
9	19	22	12	0	
7	19	22	11	0	
8	21	24	12	0	
9	22	21	14	0	
10	23	21	13	0	
11	22	18	12	0	
12	22	19	10	0	
13	19	16	10	0	
14	23	17	13	0	
16	21	16	12	0	
17	19	16	12	0	
15	21	16	15	0	
15	19	20	15	0	
10	21	19	17	0	
11	16	22	13	0	
11	16	24	14	0	
10	16	21	13	0	
9	17	18	13	0	
12	12	19	17	0	
12	12	21	14	0	
12	13	20	15	0	
13	18	16	15	0	
15	15	17	20	0	
18	17	20	19	0	
17	16	18	19	0	
17	18	17	17	0	
19	19	17	16	0	
18	17	19	16	0	
16	17	19	19	0	
17	16	18	19	0	
14	17	17	16	0	
16	17	16	16	0	
18	20	16	18	0	
19	22	15	19	0	
18	20	15	20	0	
21	18	16	19	0	
20	20	17	18	0	
20	21	15	19	0	
18	19	16	18	0	
16	17	16	18	0	
15	15	15	19	0	
16	15	13	19	0	
15	18	16	19	0	
17	20	15	20	0	
19	21	13	19	0	
18	20	16	19	0	
18	18	17	18	0	
17	17	21	18	0	
18	17	22	16	0	
17	17	24	14	0	
15	16	25	13	0	
15	17	20	14	0	
15	17	19	15	0	
17	18	19	15	0	
16	16	20	14	0	
17	16	22	13	0	
17	16	17	13	0	
14	14	17	12	0	
14	14	18	11	0	
14	16	19	11	0	
14	14	19	13	0	
13	13	20	13	0	
14	13	20	12	0	
14	12	19	14	0	
12	13	21	16	0	
10	17	21	19	0	
10	17	17	17	0	
9	15	20	17	0	
9	15	20	17	0	
10	14	19	17	0	
12	15	20	17	0	
14	18	21	15	0	
11	20	18	17	0	
12	18	20	19	0	
14	17	20	19	0	
14	17	20	22	0	
15	15	19	19	0	
18	14	16	20	0	
16	13	17	22	0	
15	13	18	23	0	
11	14	21	21	0	
12	16	22	19	0	
12	13	20	21	0	
11	16	20	18	0	
14	17	20	18	0	
14	18	24	19	0	
17	15	23	19	0	
16	16	20	19	0	
16	15	20	19	0	
16	16	21	21	0	
18	15	25	20	0	
18	15	26	22	0	
17	15	23	21	0	
19	17	22	20	0	
17	18	21	21	0	
15	19	22	19	0	
15	17	19	19	0	
19	15	16	17	0	
19	16	17	14	0	
18	16	21	14	0	
17	14	20	14	0	
17	14	21	15	0	
17	15	22	15	0	
16	15	21	17	0	
15	12	21	20	0	
14	17	19	20	0	
13	18	21	19	0	
11	18	23	18	0	
13	18	20	21	0	
14	16	19	15	0	
15	15	20	18	0	
16	15	17	16	0	
16	17	14	18	0	
16	18	14	18	0	
14	19	14	19	0	
12	17	16	17	0	
13	17	16	18	0	
15	18	16	17	0	
17	19	16	17	0	
18	17	14	19	0	
18	17	14	18	0	
14	17	13	19	0	
14	19	16	19	0	
13	20	18	19	0	
10	21	19	18	0	
13	22	16	17	0	
12	21	13	16	0	
14	23	16	18	0	
14	19	15	20	0	
13	18	15	19	0	
16	17	16	17	0	
18	19	15	15	0	
15	17	16	16	0	
15	19	13	18	0	
17	21	16	17	0	
16	20	19	15	0	
17	20	17	16	0	
15	17	15	16	0	
14	17	13	15	0	
14	19	14	14	0	
13	21	13	14	0	
12	17	14	14	0	
12	18	16	14	0	
13	18	17	17	0	
14	19	15	17	0	
14	21	16	17	0	
11	19	19	18	0	
12	20	20	16	0	
13	20	20	17	0	
12	20	21	16	0	
10	18	22	15	0	
10	16	20	17	0	
11	17	19	18	0	
10	17	18	19	0	
10	18	15	15	0	
10	17	12	13	0	
12	20	13	13	0	
15	19	15	14	0	
14	17	18	16	0	
15	16	19	17	0	
14	15	20	18	0	
15	17	21	16	0	
15	16	22	14	0	
15	16	22	17	0	
16	17	22	18	0	
17	18	21	18	0	
14	19	20	17	0	
13	19	24	18	0	
12	17	29	15	0	
12	15	28	14	0	
11	16	27	15	0	
11	17	26	16	0	
14	17	26	19	0	
12	18	27	18	0	
12	17	25	19	0	
11	20	27	19	0	
10	16	28	19	0	
8	17	29	19	0	
11	20	24	19	0	
11	19	25	18	0	
11	21	25	18	0	
12	20	25	17	0	
11	16	23	15	0	
11	18	21	12	0	
9	18	22	11	0	
8	17	23	11	0	
9	18	25	12	0	
10	19	24	12	0	
10	17	23	13	0	
7	18	25	15	0	
5	17	26	13	0	
6	20	23	12	0	
7	24	23	13	0	
5	25	20	13	0	
6	26	22	12	0	
5	27	22	12	0	
5	25	24	13	0	
6	24	26	12	0	
6	22	25	12	0	
8	21	23	13	0	
8	20	28	13	0	
9	21	28	17	0	
9	22	25	13	0	
8	24	22	15	0	
9	23	18	14	0	
10	22	20	12	0	
10	23	17	11	0	
10	20	18	14	0	
11	19	19	15	0	
12	17	20	16	0	
12	16	18	18	0	
13	17	20	21	0	
16	17	19	21	0	
15	14	16	18	0	
16	13	15	20	0	
17	14	15	18	0	
16	12	13	17	0	
18	13	14	18	0	
16	14	15	22	0	
18	14	18	24	0	
21	15	18	22	0	
22	17	20	21	0	
23	16	18	23	0	
21	15	18	26	0	
21	15	17	24	0	
21	14	19	21	0	
23	15	18	22	0	
23	14	15	23	0	
25	11	17	22	0	
25	9	16	18	0	
24	9	16	17	0	
24	10	15	19	0	
23	12	14	20	0	
24	10	12	22	0	
21	11	12	24	0	
21	9	14	23	0	
21	9	13	21	0	
21	9	12	24	0	
22	10	13	17	0	
20	12	11	23	0	
23	10	10	24	0	
25	10	8	21	0	
22	10	11	18	0	
21	6	12	24	0	
17	6	12	23	0	
16	9	12	23	0	
18	8	12	23	0	
20	8	12	27	0	
20	6	11	24	0	
20	6	11	26	0	
19	6	11	24	0	
19	9	11	25	0	
20	12	9	23	0	
21	11	12	22	0	
19	12	10	25	0	
20	13	12	26	0	
19	11	9	25	0	
18	11	10	25	0	
19	10	9	27	0	
20	12	10	28	0	
18	12	8	27	0	
16	12	8	25	0	
17	13	11	24	0	
19	15	12	22	0	
20	14	10	22	0	
23	16	10	23	0	
22	14	6	24	0	
25	13	7	22	0	
28	11	6	24	0	
27	12	6	24	0	
29	9	7	25	0	
28	8	9	26	0	
28	9	9	27	0	
31	8	8	28	0	
31	8	8	23	0	
31	7	9	26	0	
28	7	8	30	0	
28	9	8	29	0	
24	11	8	28	0	
22	12	8	25	0	
23	12	8	25	0	
24	13	11	27	0	
25	12	11	31	0	
26	11	12	31	0	
27	10	12	31	0	
27	10	11	29	0	
27	10	11	31	0	
28	11	12	35	0	
24	10	13	35	0	
23	10	13	35	0	
23	10	13	36	0	
25	10	14	34	0	
26	11	14	34	0	
24	11	14	30	0	
25	9	15	28	0	
25	9	13	27	0	
25	9	10	26	0	
26	9	7	30	0	
26	9	8	31	0	
24	11	8	31	0	
26	9	12	34	0	
24	9	12	32	0	
27	9	12	30	0	
28	9	12	29	0	
26	8	12	30	0	
23	5	11	32	0	
22	10	12	34	0	
24	10	12	33	0	
25	9	11	35	0	
23	8	9	32	0	
22	10	8	32	0	
21	8	9	30	0	
19	9	9	31	0	
23	8	10	29	0	
27	8	10	28	0	
26	8	11	27	0	
23	8	14	28	0	
23	9	13	29	0	
19	9	11	29	0	
18	9	10	28	0	
21	7	11	30	0	
19	8	10	27	0	
24	7	10	23	0	
23	7	10	23	0	
23	8	9	22	0	
22	10	9	21	0	
25	12	7	20	0	
23	11	8	23	0	
23	12	8	24	0	
21	13	8	23	0	
25	15	10	25	0	
22	13	9	22	0	
21	10	10	23	0	
23	9	10	25	0	
23	8	9	24	0	
21	8	9	18	0	
20	8	11	18	0	
19	8	9	20	0	
22	7	8	23	0	
24	9	5	25	0	
25	9	7	26	0	
23	10	7	26	0	
27	12	7	26	0	
26	12	6	27	0	
24	10	6	27	0	
20	9	7	25	0	
22	10	7	21	0	
23	10	7	21	0	
24	10	6	22	0	
25	13	5	26	0	
27	14	7	28	0	
26	12	9	25	0	
27	11	9	27	0	
30	10	11	25	0	
28	10	11	27	0	
27	9	13	30	0	
25	10	13	30	0	
22	11	12	28	0	
22	10	13	27	0	
22	10	14	25	0	
21	11	12	26	0	
17	9	14	26	0	
17	10	15	26	0	
17	8	12	29	0	
16	12	12	27	0	
15	13	11	29	0	
15	14	10	29	0	
18	15	9	28	0	
14	16	8	26	0	
17	17	8	20	0	
17	17	8	19	0	
15	16	11	20	0	
15	18	11	20	0	
14	15	14	20	0	
11	16	16	16	0	
11	16	16	16	0	
15	19	14	13	0	
16	19	13	14	0	
19	19	15	14	0	
17	18	15	10	0	
14	16	16	10	0	
13	9	15	12	0	
13	10	12	13	0	
13	10	14	12	0	
16	12	15	11	0	
17	10	17	10	0	
16	9	17	15	0	
19	8	17	17	0	
16	11	14	19	0	
18	11	14	20	0	
16	14	13	17	0	
17	12	13	18	0	
20	14	14	21	0	
20	13	12	23	0	
20	12	15	21	0	
18	16	17	20	0	
19	16	16	19	0	
21	16	16	20	0	
19	17	18	22	0	
19	15	15	21	0	
16	13	14	24	0	
18	14	16	25	0	
21	12	15	24	0	
19	12	14	23	0	
20	12	14	22	0	
19	12	15	24	0	
21	13	16	23	0	
22	14	17	25	0	
21	14	17	28	0	
21	13	15	29	0	
23	11	14	29	0	
23	10	15	31	0	
21	11	16	28	0	
21	13	14	29	0	
20	17	14	28	0	
22	12	14	27	0	
21	10	15	28	0	
22	14	10	28	0	
22	12	11	28	0	
22	12	11	26	0	
25	12	9	27	0	
23	13	10	25	0	
26	12	11	26	0	
27	14	10	29	0	
22	15	12	31	0	
22	14	12	33	0	
23	14	11	32	0	
23	15	12	32	0	
28	14	10	32	0	
25	13	11	29	0	
26	14	8	28	0	
28	14	7	26	0	
25	14	11	26	0	
26	15	11	25	0	
25	14	10	25	0	
24	13	10	24	0	
25	11	12	23	0	
24	9	13	23	0	
25	9	16	22	0	
20	9	15	22	0	
22	8	14	21	0	
23	8	13	22	0	
21	7	13	20	0	
22	7	9	23	0	
20	9	9	21	0	
20	11	9	22	0	
21	10	10	23	0	
22	9	9	26	0	
22	7	9	25	0	
23	7	9	26	0	
25	8	9	26	0	
24	11	9	26	0	
21	11	12	22	0	
23	12	14	23	0	
24	14	13	22	0	
19	14	13	20	0	
22	14	14	21	0	
23	15	14	22	0	
22	13	12	23	0	
19	14	13	24	0	
19	14	12	23	0	
18	16	11	22	0	
18	18	11	25	0	
18	16	12	23	0	
16	15	12	25	0	
20	14	13	24	0	
18	12	12	25	0	
19	12	11	24	0	
21	15	9	25	0	
18	15	10	22	0	
19	16	11	22	0	
20	18	12	23	0	
19	17	13	21	0	
16	20	13	20	0	
13	18	15	20	0	
11	17	18	17	0	
13	18	20	15	0	
16	18	16	14	0	
15	17	18	15	0	
14	14	18	17	0	
12	15	18	19	0	
13	14	18	16	0	
14	15	19	17	0	
16	14	20	13	0	
15	12	22	14	0	
15	17	25	15	0	
13	19	25	14	0	
12	15	24	14	0	
12	15	19	16	0	
12	15	23	18	0	
10	17	23	16	0	
11	18	23	15	0	
16	18	23	11	0	
18	20	23	12	0	
18	21	22	15	0	
18	23	24	16	0	
15	24	22	16	0	
15	24	21	15	0	
14	23	21	15	0	
15	24	25	13	0	
15	19	24	13	0	
16	18	25	15	0	
15	20	24	16	0	
13	24	23	13	0	
11	26	22	11	0	
13	25	20	13	0	
14	26	21	11	0	
13	26	21	10	0	
14	24	20	12	0	
14	26	24	11	0	
14	27	22	11	0	
15	29	26	12	0	
13	28	25	11	0	
12	25	26	14	0	
11	24	27	14	0	
10	23	24	13	0	
11	21	25	14	0	
12	23	25	14	0	
14	21	25	12	0	
15	17	27	14	0	
16	14	21	14	0	
14	14	24	16	0	
14	13	25	16	0	
15	14	24	18	0	
17	16	22	19	0	
20	17	20	18	0	
18	18	17	19	0	
12	17	20	20	0	
11	18	22	23	0	
10	19	24	17	0	
11	16	22	17	0	
9	18	14	17	0	
11	17	16	14	0	
12	14	19	13	0	
13	13	19	12	0	
13	14	22	13	0	
13	16	25	15	0	
14	19	26	14	0	
14	22	29	15	0	
13	21	29	15	0	
14	19	27	13	0	
15	17	29	14	0	
14	19	32	15	0	
16	19	32	14	0	
14	20	29	14	0	
12	22	24	11	0	
9	19	23	12	0	
10	21	21	11	0	
11	21	22	10	0	
12	19	18	11	0	
9	18	18	12	0	
9	19	20	12	0	
11	21	19	9	0	
12	25	21	12	0	
11	24	22	13	0	
10	23	19	13	0	
9	24	20	13	0	
9	23	21	14	0	
9	21	23	14	0	
9	22	25	14	0	
12	23	25	15	0	
13	27	26	19	0	
14	24	25	17	0	
12	21	25	17	0	
11	19	25	20	0	
12	22	25	18	0	
15	22	26	18	0	
16	23	27	16	0	
15	25	27	15	0	
11	22	25	14	0	
12	17	23	14	0	
13	14	22	12	0	
15	15	19	12	0	
13	16	19	10	0	
12	15	22	10	0	
12	19	23	11	0	
13	17	25	9	0	
12	17	24	11	0	
14	18	24	11	0	
15	19	21	9	0	
13	15	22	12	0	
15	14	22	15	0	
14	16	21	16	0	
16	18	22	14	0	
15	16	21	14	0	
13	16	19	14	0	
13	17	17	16	0	
16	18	16	14	0	
16	18	17	16	0	
18	18	17	17	0	
19	21	18	15	0	
18	20	18	14	0	
17	19	18	20	0	
19	19	19	15	0	
18	19	21	13	0	
18	18	20	13	0	
13	14	19	16	0	
16	12	19	17	0	
15	13	18	18	0	
13	15	15	20	0	
13	14	18	19	0	
15	12	16	20	0	
13	13	17	24	0	
15	11	17	26	0	
17	12	19	26	0	
16	13	21	25	0	
14	14	18	28	0	
17	14	18	28	0	
22	16	18	26	0	
23	12	19	24	0	
24	12	20	24	0	
23	12	21	23	0	
21	13	21	24	0	
19	14	21	23	0	
19	13	19	23	0	
18	10	17	23	0	
17	12	17	22	0	
16	14	17	20	0	
17	15	14	20	0	
18	17	14	19	0	
17	17	13	22	0	
19	17	11	24	0	
21	15	13	23	0	
23	15	14	23	0	
22	15	16	22	0	
23	14	19	24	0	
24	13	18	21	0	
24	15	17	23	0	
21	14	18	24	0	
25	15	18	22	0	
23	17	22	22	0	
20	17	20	19	0	
19	19	21	17	0	
18	17	23	15	0	
19	16	21	19	0	
21	16	22	16	0	
18	17	20	16	0	
16	16	20	17	0	
14	19	19	16	0	
13	18	18	15	0	
11	20	15	16	0	
9	22	16	14	0	
11	22	16	17	0	
11	23	19	17	0	
12	19	20	13	0	
11	19	20	15	0	
11	20	17	16	0	
11	20	18	17	0	
12	18	17	17	0	
13	18	19	15	0	
10	17	21	18	0	
15	20	23	18	0	
15	21	25	18	0	
12	20	25	17	0	
10	18	27	14	0	
10	17	25	16	0	
11	20	27	14	0	
11	20	27	13	0	
11	22	25	13	0	
9	19	26	14	0	
11	23	26	12	0	
12	26	24	14	0	
13	27	22	13	0	
12	26	18	13	0	
12	25	21	14	0	
10	25	23	12	0	
9	25	24	12	0	
8	26	25	12	0	
7	23	27	12	0	
7	26	25	13	0	
7	27	25	14	0	
7	24	26	13	0	
10	23	24	13	0	
12	22	24	14	0	
14	17	26	14	0	
15	18	24	14	0	
14	19	23	14	0	
14	22	23	15	0	
14	21	22	12	0	
11	21	22	11	0	
12	18	21	8	0	
12	19	22	12	0	
12	19	20	12	0	
12	19	21	12	0	
10	21	16	13	0	
11	19	16	14	0	
12	20	16	13	0	
15	20	15	10	0	
12	19	18	13	0	
11	17	20	13	0	
13	18	23	13	0	
12	19	20	10	0	
12	18	21	10	0	
13	18	21	11	0	
14	18	19	12	0	
10	21	17	12	0	
10	20	21	8	0	
9	19	20	9	0	
8	20	21	7	0	
8	21	25	6	0	
7	25	23	6	0	
8	25	22	6	0	
10	24	23	6	0	
9	25	20	7	0	
8	25	20	7	0	
10	28	23	8	0	
8	24	25	8	0	
10	26	27	9	0	
11	23	25	9	0	
8	22	25	8	0	
8	26	31	9	0	
6	25	27	8	0	
8	25	30	9	0	
7	27	30	9	0	
9	28	26	9	0	
11	27	27	8	0	
11	26	25	9	0	
11	28	25	11	0	
12	28	24	12	0	
12	28	22	13	0	
15	28	24	14	0	
15	29	22	15	0	
12	29	20	14	0	
12	28	20	16	0	
13	28	22	16	0	
13	26	23	15	0	
14	26	20	17	0	
16	23	19	19	0	
13	24	18	19	0	
14	23	17	19	0	
13	23	20	21	0	
13	24	23	18	0	
11	23	22	16	0	
13	24	22	15	0	
13	24	23	14	0	
11	25	25	13	0	
11	24	25	15	0	
12	23	25	17	0	
13	22	25	15	0	
14	22	23	14	0	
13	21	22	14	0	
10	22	22	13	0	
11	18	23	15	0	
12	20	24	15	0	
15	18	28	15	0	
12	15	27	15	0	
13	13	24	15	0	
14	15	24	15	0	
15	16	23	15	0	
18	19	26	15	0	
17	17	27	15	0	
13	19	24	14	0	
15	19	25	16	0	
16	21	27	17	0	
14	22	23	16	0	
15	22	26	17	0	
14	22	29	18	0	
14	24	27	18	0	
15	23	27	16	0	
15	21	26	15	0	
14	19	24	14	0	
15	21	23	13	0	
14	21	22	10	0	
13	24	23	8	0	
16	22	21	9	0	
14	23	17	12	0	
16	19	15	12	0	
13	19	18	13	0	
10	20	21	12	0	
9	23	18	13	0	
9	23	21	14	0	
10	23	22	14	0	
11	27	24	11	0	
11	21	26	11	0	
9	20	22	12	0	
9	21	23	13	0	
10	20	20	13	0	
11	22	19	14	0	
13	20	21	15	0	
12	20	26	16	0	
13	20	20	20	0	
12	19	18	19	0	
15	18	20	16	0	
13	15	21	17	0	
11	18	19	19	0	
14	20	19	19	0	
10	21	19	21	0	
9	21	20	21	0	
12	19	17	19	0	
14	19	19	18	0	
13	21	21	18	0	
12	22	19	19	0	
12	20	20	23	0	
15	19	21	21	0	
16	19	19	20	0	
16	21	18	22	0	
18	22	16	22	0	
17	25	13	22	0	
17	26	13	22	0	
15	20	13	23	0	
13	20	14	20	0	
12	21	15	21	0	
14	20	16	21	0	
14	20	15	21	0	
16	21	16	19	0	
16	18	18	20	0	
19	19	16	18	0	
18	21	14	17	0	
18	20	15	17	0	
17	21	16	18	0	
19	21	16	20	0	
17	22	20	18	0	
18	19	20	19	0	
18	19	19	18	0	
17	21	18	18	0	
14	21	21	19	0	
14	19	23	20	0	
15	19	23	18	0	
13	21	22	14	0	
10	25	23	14	0	
11	28	22	15	0	
11	28	22	16	0	
13	24	23	14	0	
13	24	25	17	0	
12	23	26	15	0	
13	24	28	15	0	
11	21	28	11	0	
11	23	30	11	0	
12	21	31	8	0	
10	23	32	9	0	
10	22	31	10	0	
8	24	30	9	0	
9	27	30	11	0	
9	28	31	10	0	
10	29	35	9	0	
10	26	34	8	0	
9	30	32	7	0	
11	31	28	8	0	
10	31	29	9	0	
12	25	32	11	0	
11	25	26	10	0	
13	26	27	11	0	
11	23	27	13	0	
9	19	24	14	0	
7	22	23	15	0	
8	22	27	16	0	
8	21	26	16	0	
8	20	26	16	0	
8	17	24	17	0	
8	20	25	18	0	
9	18	25	20	0	
11	16	25	19	0	
14	19	24	17	0	
12	20	25	17	0	
10	19	20	16	0	
12	18	20	17	0	
14	18	21	15	0	
15	19	19	16	0	
14	18	22	19	0	
14	18	24	17	0	
13	20	22	14	0	
11	21	22	14	0	
10	21	23	16	0	
11	23	22	13	0	
9	25	21	14	0	
8	25	25	15	0	
7	23	23	14	0	
8	23	23	13	0	
8	23	22	14	0	
10	24	21	13	0	
8	25	21	13	0	
8	25	18	13	0	
8	26	16	11	0	
8	25	19	13	0	
11	22	21	12	0	
10	21	22	11	0	
8	24	25	12	0	
7	25	24	13	0	
10	27	23	14	0	
9	26	23	14	0	
10	28	24	14	0	
10	30	22	15	0	
10	27	26	16	0	
11	27	25	15	0	
12	25	24	13	0	
11	25	24	13	0	
10	25	25	13	0	
