0	0	0	1	0	
0	0	0	1	0	
0	1	0	1	0	
0	1	0	1	0	
0	1	0	1	0	
1	1	0	1	0	
2	2	0	1	0	
4	3	0	1	0	
6	4	0	1	0	
6	5	1	1	0	
5	6	1	1	0	
9	6	1	2	0	
9	6	1	4	0	
10	6	1	5	0	
9	6	1	5	0	
9	6	1	8	0	
12	6	1	9	0	
15	7	1	8	0	
16	8	1	8	0	
15	7	2	11	0	
16	9	2	11	0	
17	9	2	11	0	
20	12	3	12	0	
24	13	3	9	0	
23	14	3	12	0	
27	13	3	11	0	
26	13	5	11	0	
24	14	5	12	0	
24	15	5	13	0	
24	15	7	13	0	
27	15	6	15	0	
27	13	6	15	0	
25	13	4	15	0	
23	15	5	16	0	
26	14	5	18	0	
26	14	5	18	0	
26	13	7	19	0	
26	12	7	19	0	
29	13	8	18	0	
27	18	8	21	0	
27	15	7	20	0	
26	14	9	19	0	
27	11	10	16	0	
27	8	10	17	0	
25	10	8	15	0	
29	9	6	17	0	
30	6	6	20	0	
30	6	9	20	0	
29	6	9	20	0	
31	6	9	22	0	
29	6	9	22	0	
26	6	9	20	0	
28	5	7	20	0	
28	5	7	18	0	
29	5	8	19	0	
31	5	10	21	0	
33	5	8	19	0	
33	4	10	20	0	
33	3	11	23	0	
31	4	12	23	0	
29	5	11	18	0	
28	6	10	17	0	
28	5	9	14	0	
28	6	7	16	0	
32	7	6	15	0	
31	8	5	20	0	
32	8	6	21	0	
31	6	6	21	0	
28	4	7	24	0	
27	8	9	26	0	
30	7	8	24	0	
28	5	7	24	0	
28	5	8	24	0	
29	5	8	22	0	
32	6	7	21	0	
33	6	6	20	0	
33	6	9	19	0	
29	6	9	21	0	
27	7	9	23	0	
24	7	9	25	0	
23	10	10	23	0	
23	7	8	22	0	
24	7	11	25	0	
22	9	13	24	0	
19	10	13	26	0	
17	7	13	29	0	
18	8	13	33	0	
18	8	12	32	0	
18	6	10	27	0	
19	7	8	28	0	
21	8	9	27	0	
23	8	9	26	0	
24	8	8	24	0	
26	8	8	24	0	
25	8	6	26	0	
28	10	8	28	0	
24	10	11	30	0	
21	11	11	28	0	
22	10	9	26	0	
21	10	8	25	0	
23	10	8	21	0	
25	11	11	19	0	
25	12	9	23	0	
25	14	11	27	0	
24	16	9	24	0	
26	16	9	21	0	
23	15	9	25	0	
24	14	9	24	0	
25	13	9	25	0	
26	14	10	25	0	
27	14	8	26	0	
28	15	8	25	0	
26	16	7	27	0	
30	16	9	27	0	
30	19	10	23	0	
27	18	9	24	0	
26	17	9	19	0	
25	18	10	19	0	
26	18	10	18	0	
24	19	11	17	0	
21	17	11	19	0	
21	19	12	18	0	
18	23	14	17	0	
18	25	12	18	0	
18	24	12	19	0	
16	21	11	20	0	
17	22	11	20	0	
18	21	10	22	0	
20	22	9	18	0	
19	23	4	20	0	
20	22	4	18	0	
19	22	4	18	0	
18	25	5	21	0	
16	24	7	24	0	
16	26	6	24	0	
18	23	7	22	0	
18	20	6	21	0	
21	19	6	21	0	
23	20	5	20	0	
23	18	4	17	0	
22	18	4	16	0	
21	15	5	17	0	
21	16	5	15	0	
26	18	5	16	0	
25	16	4	17	0	
23	19	4	17	0	
23	18	5	18	0	
22	21	6	17	0	
25	21	7	17	0	
27	22	5	15	0	
26	21	5	14	0	
26	20	6	11	0	
25	25	6	12	0	
23	24	6	13	0	
23	23	5	12	0	
24	21	6	13	0	
26	23	4	14	0	
25	27	4	14	0	
26	29	5	15	0	
28	31	5	13	0	
30	33	5	13	0	
30	32	5	12	0	
32	31	4	11	0	
31	28	3	10	0	
29	30	3	10	0	
30	30	2	8	0	
32	26	2	6	0	
34	25	2	6	0	
30	27	2	7	0	
34	23	2	6	0	
34	20	2	6	0	
31	21	2	6	0	
35	21	2	5	0	
33	21	2	4	0	
35	20	4	4	0	
36	20	5	4	0	
40	20	6	4	1	
39	18	5	5	1	
41	17	4	7	1	
41	17	5	8	1	
39	18	4	8	1	
35	18	4	7	0	
33	19	3	7	0	
34	18	4	5	0	
33	22	4	5	0	
31	20	5	6	0	
32	19	6	7	0	
31	20	6	6	0	
34	20	6	6	0	
36	18	7	5	0	
36	18	8	5	0	
33	20	10	6	0	
29	19	10	6	0	
24	24	10	6	0	
27	19	6	4	0	
23	23	5	4	0	
21	23	6	4	0	
22	26	8	4	0	
24	24	8	4	0	
21	23	9	4	0	
25	21	8	3	0	
23	24	9	4	0	
26	25	8	6	0	
24	23	8	8	0	
26	25	7	6	0	
30	24	6	6	0	
32	26	8	6	0	
33	24	8	6	0	
35	24	6	7	0	
36	26	5	5	0	
35	25	5	5	0	
34	27	5	6	0	
32	28	6	4	0	
32	28	7	3	0	
31	28	6	3	0	
30	26	7	3	0	
29	23	8	3	0	
27	27	8	3	0	
30	28	7	4	0	
28	29	7	4	0	
29	30	6	6	0	
26	27	8	5	0	
27	29	7	3	0	
29	26	7	5	0	
29	26	8	5	0	
32	27	10	5	0	
31	25	12	4	0	
33	23	11	5	0	
35	22	12	6	0	
39	18	13	5	1	
37	17	10	7	1	
38	16	9	7	1	
35	17	11	8	0	
33	16	11	10	0	
30	16	10	10	0	
25	15	8	10	0	
24	13	8	8	0	
19	12	9	8	0	
19	11	10	6	0	
16	11	11	6	0	
18	10	12	6	0	
18	10	13	9	0	
18	10	14	10	0	
18	12	13	9	0	
18	12	13	8	0	
18	13	11	10	0	
18	9	9	10	0	
19	8	8	8	0	
19	8	11	7	0	
17	8	13	7	0	
20	10	13	7	0	
24	12	12	7	0	
27	16	12	7	0	
27	16	12	8	0	
25	15	11	9	0	
24	14	11	11	0	
20	17	11	10	0	
19	18	15	13	0	
21	15	15	16	0	
22	19	14	17	0	
20	18	16	15	0	
16	16	14	14	0	
14	20	13	12	0	
14	17	15	14	0	
14	18	16	16	0	
15	18	16	17	0	
17	17	18	15	0	
20	16	19	16	0	
18	13	20	16	0	
18	14	20	14	0	
18	13	18	16	0	
22	12	17	17	0	
23	13	15	15	0	
21	15	16	13	0	
19	15	14	12	0	
19	14	13	14	0	
17	14	14	14	0	
15	15	15	10	0	
14	14	18	11	0	
16	14	18	9	0	
16	14	16	9	0	
13	15	14	9	0	
15	11	16	8	0	
14	10	16	9	0	
13	12	17	11	0	
12	15	16	9	0	
12	14	18	11	0	
11	14	18	11	0	
12	14	17	9	0	
16	12	20	8	0	
16	14	20	7	0	
18	12	20	7	0	
18	15	19	8	0	
19	14	21	9	0	
20	15	20	8	0	
20	13	22	10	0	
20	14	21	10	0	
23	13	22	10	0	
21	13	21	10	0	
20	12	20	10	0	
20	15	22	9	0	
20	17	19	10	0	
19	16	20	10	0	
22	16	18	10	0	
22	16	18	10	0	
26	16	19	9	0	
25	19	21	8	0	
26	20	23	10	0	
26	19	21	11	0	
26	16	21	11	0	
27	16	23	10	0	
28	16	22	11	0	
24	17	23	12	0	
25	18	21	12	0	
22	15	26	14	0	
22	16	28	14	0	
23	15	26	14	0	
18	13	21	12	0	
19	12	21	11	0	
21	12	22	13	0	
22	12	22	15	0	
19	11	21	12	0	
21	10	21	8	0	
21	12	20	10	0	
20	12	18	11	0	
21	13	19	12	0	
20	11	21	12	0	
21	11	21	12	0	
20	11	19	10	0	
18	11	20	10	0	
18	11	20	12	0	
19	10	19	13	0	
22	11	22	10	0	
23	11	21	9	0	
19	12	20	9	0	
22	11	18	9	0	
19	10	16	7	0	
21	8	18	7	0	
23	6	20	8	0	
24	7	20	8	0	
23	8	21	9	0	
27	9	23	10	0	
29	8	22	10	0	
28	8	21	11	0	
29	9	24	9	0	
30	10	27	9	0	
32	11	26	9	0	
34	12	24	10	0	
32	12	23	10	0	
30	12	22	10	0	
29	10	21	11	0	
26	12	25	9	0	
26	12	26	9	0	
23	11	21	12	0	
19	12	22	10	0	
17	13	20	10	0	
16	13	21	12	0	
14	14	20	11	0	
13	12	19	9	0	
12	14	19	9	0	
18	13	23	8	0	
21	17	22	8	0	
21	16	18	7	0	
22	15	22	9	0	
22	12	21	10	0	
23	15	20	12	0	
23	17	21	16	0	
24	17	18	17	0	
23	18	20	18	0	
22	16	21	16	0	
24	18	20	18	0	
24	18	18	17	0	
26	20	20	18	0	
24	22	22	16	0	
23	21	24	16	0	
21	21	22	18	0	
21	18	22	18	0	
19	20	23	18	0	
20	19	20	19	0	
20	18	19	22	0	
21	16	18	20	0	
21	20	15	22	0	
21	19	13	21	0	
18	18	11	22	0	
20	14	13	24	0	
22	16	13	21	0	
23	14	15	20	0	
23	14	15	17	0	
24	13	15	19	0	
20	13	16	20	0	
21	13	17	23	0	
20	12	18	22	0	
20	11	16	22	0	
22	11	16	21	0	
23	10	16	20	0	
22	13	16	20	0	
21	12	20	17	0	
20	13	20	19	0	
20	10	19	22	0	
19	11	20	21	0	
20	11	18	23	0	
21	9	20	23	0	
23	9	22	20	0	
21	9	16	21	0	
23	11	17	19	0	
21	10	17	20	0	
19	9	17	23	0	
15	9	18	23	0	
16	9	15	24	0	
17	7	16	21	0	
18	8	15	19	0	
19	10	14	18	0	
20	10	16	17	0	
18	11	15	19	0	
20	14	15	21	0	
20	14	14	21	0	
20	16	15	21	0	
21	17	15	22	0	
19	19	14	20	0	
16	19	20	18	0	
20	18	18	20	0	
20	23	18	16	0	
19	21	18	15	0	
19	21	18	14	0	
16	24	21	13	0	
15	24	20	12	0	
15	24	20	11	0	
15	22	19	11	0	
12	22	21	14	0	
11	24	16	13	0	
11	25	17	12	0	
13	25	15	13	0	
13	27	16	15	0	
12	25	16	17	0	
10	21	17	16	0	
10	20	17	15	0	
9	21	17	18	0	
9	22	17	21	0	
12	20	16	20	0	
12	21	16	17	0	
11	23	17	16	0	
13	25	18	17	0	
13	20	18	19	0	
14	24	16	17	0	
13	27	17	18	0	
14	29	16	20	0	
10	23	17	17	0	
12	26	17	16	0	
15	26	16	17	0	
11	27	14	17	0	
10	20	14	18	0	
8	22	15	19	0	
8	24	13	17	0	
10	25	14	19	0	
10	20	14	18	0	
11	20	15	22	0	
12	19	12	25	0	
12	21	12	25	0	
13	23	14	23	0	
17	23	14	23	0	
17	25	12	25	0	
17	27	14	22	0	
16	29	13	19	0	
13	27	13	17	0	
12	27	14	17	0	
14	27	15	17	0	
14	27	15	17	0	
14	32	16	17	0	
15	33	17	16	0	
15	32	15	17	0	
15	30	17	14	0	
15	31	17	15	0	
17	33	16	15	0	
20	32	13	15	0	
19	28	13	17	0	
20	30	12	17	0	
22	31	11	17	0	
25	30	12	17	0	
25	36	12	17	0	
25	35	11	14	0	
25	34	9	14	0	
24	31	8	13	0	
24	31	8	13	0	
25	32	9	12	0	
28	30	9	12	0	
26	31	9	11	0	
23	33	10	10	0	
22	35	11	9	0	
20	32	12	9	0	
20	31	11	9	0	
18	29	12	9	0	
18	33	13	9	0	
20	33	12	8	0	
16	37	13	8	2	
17	37	12	8	2	
20	36	11	7	0	
17	31	10	8	0	
17	33	7	9	0	
15	29	7	9	0	
15	27	7	10	0	
17	27	7	9	0	
15	27	6	10	0	
15	27	6	13	0	
14	22	6	15	0	
15	20	7	14	0	
13	17	9	15	0	
14	18	10	15	0	
12	16	11	14	0	
13	15	8	14	0	
11	15	8	12	0	
10	16	11	13	0	
12	16	11	17	0	
12	20	12	14	0	
11	21	12	15	0	
11	22	12	15	0	
9	19	12	12	0	
10	20	15	13	0	
10	22	11	14	0	
11	23	9	11	0	
10	26	11	11	0	
10	28	12	11	0	
9	30	14	11	0	
10	34	14	10	2	
12	36	14	10	2	
10	34	12	11	2	
10	36	14	10	2	
9	36	15	9	2	
11	35	17	9	0	
10	34	15	11	2	
10	38	18	9	2	
12	37	16	10	2	
12	34	15	10	2	
12	30	16	12	0	
13	31	16	11	0	
12	31	16	11	0	
12	30	16	11	0	
12	26	15	12	0	
13	26	15	13	0	
14	27	14	13	0	
14	26	15	12	0	
15	22	12	11	0	
17	22	13	12	0	
19	21	14	12	0	
19	19	16	8	0	
22	19	16	8	0	
23	17	15	9	0	
23	18	17	9	0	
23	18	20	8	0	
24	15	18	8	0	
23	15	17	7	0	
19	17	17	7	0	
22	16	16	7	0	
23	15	16	5	0	
24	17	19	7	0	
24	14	21	5	0	
22	13	21	6	0	
22	11	24	5	0	
23	10	21	6	0	
21	11	20	7	0	
22	11	18	7	0	
23	10	19	6	0	
23	12	16	6	0	
24	12	15	6	0	
23	10	13	7	0	
21	10	11	7	0	
24	9	11	7	0	
23	9	12	6	0	
24	9	12	5	0	
25	8	13	5	0	
27	7	15	4	0	
28	8	14	4	0	
26	7	12	3	0	
25	7	13	3	0	
24	6	14	3	0	
25	7	14	3	0	
20	7	14	4	0	
24	7	16	5	0	
20	6	17	5	0	
19	6	15	5	0	
21	6	17	6	0	
20	6	18	6	0	
23	5	15	6	0	
25	6	17	6	0	
25	6	17	5	0	
26	6	15	7	0	
29	6	14	7	0	
30	5	15	7	0	
34	5	17	7	0	
30	6	14	9	0	
29	7	16	10	0	
28	10	13	10	0	
29	10	14	8	0	
27	12	16	8	0	
26	11	14	7	0	
23	13	15	7	0	
23	13	15	6	0	
26	12	16	7	0	
30	11	17	6	0	
35	11	18	6	0	
35	10	20	6	0	
31	10	18	6	0	
27	11	23	4	0	
27	11	23	4	0	
27	11	21	5	0	
26	11	19	6	0	
25	12	18	7	0	
23	14	18	7	0	
20	11	21	8	0	
20	11	22	9	0	
20	11	21	8	0	
19	13	23	7	0	
19	13	22	7	0	
20	11	22	7	0	
22	12	20	8	0	
25	14	19	8	0	
25	17	19	8	0	
26	20	18	8	0	
25	21	18	11	0	
22	22	18	12	0	
23	23	19	13	0	
25	24	19	12	0	
27	25	20	11	0	
25	22	21	9	0	
29	23	19	9	0	
27	26	18	8	0	
24	24	17	6	0	
24	22	17	7	0	
23	21	16	7	0	
25	23	16	7	0	
25	20	15	9	0	
25	23	13	8	0	
29	19	13	9	0	
27	19	13	10	0	
23	17	12	10	0	
24	17	12	11	0	
19	18	10	12	0	
21	19	10	12	0	
22	19	10	10	0	
22	18	13	12	0	
20	19	12	12	0	
17	20	11	12	0	
20	18	10	12	0	
19	16	10	14	0	
24	20	10	16	0	
26	17	11	17	0	
25	17	12	15	0	
24	19	10	16	0	
26	17	9	16	0	
25	15	9	14	0	
24	14	10	13	0	
22	13	13	16	0	
26	14	13	17	0	
25	14	14	18	0	
24	15	13	17	0	
25	15	14	18	0	
26	17	13	16	0	
24	15	11	14	0	
27	17	10	12	0	
26	15	11	11	0	
26	13	10	12	0	
21	14	10	11	0	
20	15	10	13	0	
18	13	9	13	0	
20	13	8	11	0	
19	10	10	12	0	
19	8	11	12	0	
16	8	13	11	0	
18	9	15	11	0	
18	9	14	13	0	
20	9	14	13	0	
23	8	12	14	0	
22	8	14	16	0	
22	10	14	15	0	
21	11	11	17	0	
22	13	10	18	0	
22	12	12	19	0	
23	12	12	16	0	
25	11	13	17	0	
23	12	15	14	0	
18	11	16	16	0	
21	11	13	15	0	
17	12	13	14	0	
16	13	15	12	0	
14	10	17	13	0	
16	9	19	16	0	
17	7	20	17	0	
15	7	20	15	0	
18	8	19	18	0	
18	9	20	19	0	
17	10	19	19	0	
14	12	18	18	0	
14	10	19	18	0	
13	13	19	18	0	
13	14	20	22	0	
15	15	17	22	0	
14	15	14	19	0	
16	15	12	16	0	
18	16	10	17	0	
16	18	12	19	0	
17	18	14	18	0	
20	19	15	18	0	
21	16	12	15	0	
22	15	11	17	0	
21	15	12	15	0	
21	15	13	16	0	
23	14	12	17	0	
20	13	15	15	0	
18	11	18	17	0	
18	11	19	18	0	
19	11	19	17	0	
19	9	17	16	0	
19	9	18	16	0	
16	9	16	18	0	
14	10	17	15	0	
13	9	18	15	0	
11	9	15	14	0	
13	13	14	15	0	
15	13	12	13	0	
13	12	13	12	0	
11	11	13	13	0	
14	13	13	12	0	
16	12	17	12	0	
16	13	18	14	0	
18	13	17	13	0	
18	11	19	15	0	
14	11	21	16	0	
14	13	23	14	0	
11	13	23	15	0	
12	12	23	17	0	
12	11	26	16	0	
12	10	27	15	0	
12	10	31	18	0	
13	11	29	17	0	
13	11	27	18	0	
13	11	27	20	0	
14	12	28	18	0	
15	12	29	17	0	
18	10	25	18	0	
17	12	23	15	0	
18	12	21	15	0	
21	12	21	16	0	
21	12	20	13	0	
24	14	19	13	0	
27	13	17	13	0	
23	15	17	13	0	
22	15	17	12	0	
24	13	18	11	0	
26	15	18	12	0	
25	15	18	12	0	
25	16	20	12	0	
23	14	23	10	0	
22	15	17	9	0	
21	14	17	10	0	
16	13	18	11	0	
15	13	20	12	0	
19	13	20	14	0	
18	14	22	13	0	
20	15	23	15	0	
22	15	20	15	0	
22	16	18	15	0	
21	13	21	16	0	
24	12	21	18	0	
20	15	23	18	0	
21	15	21	17	0	
18	15	20	15	0	
16	17	23	15	0	
15	18	22	13	0	
17	17	20	10	0	
16	18	20	10	0	
22	17	24	10	0	
23	13	23	11	0	
26	13	26	11	0	
25	12	25	9	0	
26	12	26	7	0	
27	11	26	7	0	
26	12	28	10	0	
26	11	27	9	0	
25	11	29	9	0	
26	13	26	9	0	
24	13	27	7	0	
25	12	22	8	0	
27	12	25	9	0	
27	14	24	9	0	
27	13	26	8	0	
24	14	23	9	0	
25	15	22	8	0	
23	15	22	7	0	
23	15	21	7	0	
22	14	19	8	0	
21	15	17	7	0	
22	16	17	7	0	
21	16	14	9	0	
21	17	14	10	0	
21	15	16	11	0	
20	14	15	12	0	
21	12	12	12	0	
21	12	15	12	0	
23	14	13	10	0	
22	9	16	10	0	
20	10	21	7	0	
16	9	20	8	0	
17	10	20	11	0	
19	8	19	8	0	
19	9	18	7	0	
20	9	21	6	0	
22	10	23	7	0	
22	9	24	6	0	
22	11	23	8	0	
23	14	26	7	0	
22	11	27	7	0	
23	9	27	9	0	
23	7	25	10	0	
24	7	24	10	0	
24	9	23	9	0	
28	10	22	7	0	
30	12	21	7	0	
30	11	21	9	0	
33	10	18	10	0	
33	12	19	10	0	
29	14	19	9	0	
31	14	21	10	0	
29	14	17	11	0	
29	14	17	12	0	
29	15	16	11	0	
28	15	14	12	0	
29	13	16	11	0	
29	12	17	11	0	
30	12	18	13	0	
29	12	19	11	0	
28	13	20	13	0	
26	13	18	14	0	
28	12	19	14	0	
28	13	20	14	0	
30	15	19	13	0	
28	17	19	13	0	
28	13	17	12	0	
32	12	17	13	0	
35	12	17	14	0	
34	14	16	15	0	
34	15	15	16	0	
28	16	14	14	0	
33	16	13	15	0	
32	17	12	15	0	
32	17	12	14	0	
28	21	15	14	0	
28	19	12	14	0	
29	17	15	11	0	
28	15	17	14	0	
30	15	21	14	0	
29	13	22	15	0	
23	12	24	17	0	
23	13	23	17	0	
23	13	21	16	0	
20	14	20	14	0	
22	12	18	15	0	
24	12	17	14	0	
25	14	20	17	0	
28	17	20	15	0	
28	16	15	14	0	
28	16	13	14	0	
28	16	11	11	0	
25	17	10	11	0	
26	18	9	14	0	
24	16	7	13	0	
22	15	8	15	0	
24	15	8	14	0	
24	16	11	14	0	
24	15	13	15	0	
24	13	14	12	0	
25	12	11	11	0	
26	9	10	12	0	
25	8	9	12	0	
27	8	11	10	1	
26	9	11	9	0	
25	8	11	9	0	
24	8	10	10	0	
26	10	12	11	0	
26	11	14	12	0	
24	12	14	12	0	
26	13	16	12	0	
27	13	15	10	0	
22	16	14	12	0	
22	15	13	14	0	
19	15	12	12	0	
20	12	14	12	0	
23	10	17	13	0	
22	11	19	12	0	
23	9	21	11	0	
24	10	20	11	0	
29	10	20	13	0	
25	10	22	12	0	
24	10	21	13	0	
22	10	23	14	0	
22	11	25	16	0	
19	11	22	16	0	
15	10	22	15	0	
17	10	23	18	0	
19	11	20	18	0	
20	10	23	18	0	
22	11	23	17	0	
21	11	21	16	0	
19	10	19	19	0	
20	11	20	19	0	
21	12	21	19	0	
19	11	25	18	0	
21	11	25	18	0	
22	11	24	19	0	
24	9	18	18	0	
27	11	19	19	0	
30	11	21	17	0	
29	11	19	20	0	
29	9	23	20	0	
30	10	24	19	0	
30	8	22	21	0	
28	5	23	21	0	
28	6	25	20	0	
27	7	23	22	0	
27	6	23	18	0	
29	6	26	16	0	
28	5	28	16	0	
29	6	26	15	0	
30	7	27	18	0	
32	8	24	17	0	
35	10	28	16	0	
27	9	31	16	0	
28	9	29	14	0	
27	8	31	14	0	
30	8	29	13	0	
29	7	27	16	0	
31	9	28	16	0	
30	7	26	17	0	
31	8	24	15	0	
32	9	25	16	0	
30	8	24	16	0	
29	8	25	14	0	
29	7	27	14	0	
28	7	27	12	0	
31	7	25	14	0	
30	8	23	12	0	
32	9	23	10	0	
33	11	23	8	0	
31	11	22	8	0	
30	11	24	9	0	
31	11	26	8	0	
33	9	22	8	0	
33	8	22	8	0	
33	9	21	7	0	
36	12	22	4	0	
31	11	20	3	0	
28	11	21	3	0	
27	12	19	3	0	
29	16	17	2	0	
27	16	22	3	0	
28	18	20	4	0	
30	20	20	2	0	
31	22	24	2	0	
30	16	22	4	0	
31	15	19	6	0	
25	14	21	6	0	
22	15	21	6	0	
23	17	25	7	0	
19	17	22	9	0	
16	17	21	9	0	
20	19	21	9	0	
20	21	21	7	0	
21	21	21	7	0	
21	21	21	9	0	
25	20	18	9	0	
27	23	18	8	0	
26	21	15	10	0	
25	20	17	10	0	
27	20	14	12	0	
26	22	12	11	0	
27	22	12	11	0	
29	23	12	11	0	
26	21	14	14	0	
27	23	16	12	0	
28	22	19	11	0	
24	18	16	11	0	
23	21	16	12	0	
22	19	17	13	0	
21	19	16	15	0	
21	18	17	16	0	
19	17	14	15	0	
20	17	16	16	0	
21	18	18	16	0	
20	18	17	14	0	
22	18	16	15	0	
21	21	17	19	0	
26	20	17	18	0	
28	20	16	20	0	
24	20	15	19	0	
25	20	16	21	0	
26	18	15	22	0	
26	17	15	20	0	
24	18	16	20	0	
26	15	15	21	0	
22	16	16	22	0	
21	17	17	21	0	
23	12	18	22	0	
