0	1	0	0	0	
0	1	1	0	0	
0	1	2	0	0	
0	1	2	0	0	
0	3	1	0	0	
0	3	1	1	0	
0	4	1	2	0	
0	4	2	2	0	
0	4	3	2	0	
0	4	3	4	0	
0	5	4	4	0	
0	5	5	4	0	
1	4	6	3	0	
1	2	6	3	0	
3	3	6	4	0	
2	3	7	5	0	
2	3	7	6	0	
3	3	10	6	0	
5	3	13	6	0	
6	6	15	7	0	
7	6	14	8	0	
8	6	16	9	0	
8	7	17	6	0	
12	6	16	4	0	
12	7	15	6	0	
9	7	14	4	0	
8	6	14	6	0	
12	4	17	5	0	
14	5	15	5	0	
17	7	17	6	0	
16	7	18	7	0	
15	8	19	7	0	
13	9	17	6	0	
10	8	19	7	0	
10	10	20	7	0	
12	11	23	7	0	
12	12	24	5	0	
11	15	21	4	0	
10	16	23	5	0	
10	17	22	5	0	
8	16	21	6	0	
9	15	18	4	0	
8	18	18	5	0	
7	19	21	3	0	
8	18	24	3	0	
10	18	22	4	0	
10	16	22	5	0	
13	16	22	5	0	
15	13	21	3	0	
14	13	21	4	0	
15	11	26	5	0	
17	9	26	5	0	
17	8	26	7	0	
14	9	27	7	0	
15	7	26	8	0	
16	8	22	10	0	
15	7	24	10	0	
15	9	23	10	0	
15	9	23	11	0	
15	7	23	11	0	
16	8	25	12	0	
18	9	28	13	0	
17	7	32	14	0	
18	6	33	15	0	
18	7	33	15	0	
19	7	35	17	0	
15	7	33	17	0	
14	6	32	17	0	
15	7	34	19	0	
14	8	32	19	0	
14	7	34	21	0	
15	7	33	24	0	
16	7	30	23	0	
17	6	28	23	0	
17	6	26	22	0	
18	6	23	24	0	
17	6	22	26	0	
18	7	19	25	0	
18	7	17	27	0	
17	5	15	26	0	
15	7	14	23	0	
16	7	13	26	0	
18	6	12	25	0	
19	7	11	22	0	
18	7	11	22	0	
17	8	11	25	0	
15	10	15	23	0	
16	10	18	21	0	
18	11	15	22	0	
20	11	13	21	0	
21	12	11	21	0	
23	12	14	19	0	
26	10	16	18	0	
23	10	18	17	0	
25	10	18	21	0	
25	10	16	19	0	
25	8	18	19	0	
26	8	19	17	0	
24	7	21	15	0	
24	8	25	13	0	
23	9	26	12	0	
27	11	27	12	0	
26	10	29	13	0	
23	11	27	14	0	
22	12	25	13	0	
22	11	27	12	0	
21	11	26	12	0	
20	10	23	12	0	
20	11	23	14	0	
23	11	26	13	0	
22	11	25	12	0	
24	13	27	12	0	
25	12	27	13	0	
21	13	27	15	0	
18	13	28	14	0	
16	12	29	13	0	
17	10	29	12	0	
15	11	28	10	0	
16	9	30	11	0	
13	9	33	12	3	
11	8	33	13	3	
13	9	34	14	3	
13	9	37	14	3	
16	8	36	13	3	
18	8	34	14	0	
18	8	33	15	0	
18	8	33	14	0	
19	9	35	15	0	
14	8	35	17	0	
15	9	34	17	0	
17	9	30	15	0	
16	10	27	15	0	
17	11	30	19	0	
17	9	32	20	0	
16	9	30	17	0	
16	9	32	16	0	
19	9	31	16	0	
15	9	33	19	0	
16	11	27	17	0	
20	9	23	17	0	
22	10	24	14	0	
20	9	25	13	0	
21	10	25	14	0	
19	10	25	14	0	
21	9	24	14	0	
20	6	23	14	0	
23	7	23	13	0	
23	8	22	12	0	
21	8	21	12	0	
21	7	21	9	0	
20	9	19	9	0	
21	10	20	8	0	
19	11	22	9	0	
24	9	25	5	0	
23	9	25	6	0	
21	9	24	8	0	
23	7	22	10	0	
22	7	22	10	0	
24	6	23	12	0	
23	7	21	12	0	
25	7	21	13	0	
24	8	25	13	0	
25	9	24	13	0	
26	7	22	14	0	
25	8	25	16	0	
24	8	24	17	0	
28	10	20	17	0	
26	10	22	19	0	
27	10	20	22	0	
24	9	20	23	0	
25	12	19	19	0	
30	13	19	19	0	
28	12	20	19	0	
26	11	17	19	0	
25	11	15	17	0	
27	12	13	16	0	
28	13	12	12	0	
27	14	11	12	0	
31	14	10	13	0	
27	13	11	12	0	
30	14	10	13	0	
30	11	12	13	1	
33	8	15	14	1	
33	9	17	14	0	
36	6	17	15	1	
33	6	16	14	0	
33	9	16	12	0	
34	10	19	9	0	
35	10	22	8	0	
37	9	22	7	0	
34	10	23	9	0	
32	10	20	8	0	
30	11	17	9	0	
32	12	16	10	0	
36	12	20	10	0	
34	10	20	13	0	
33	11	21	12	0	
31	11	20	13	0	
32	11	19	11	0	
28	12	17	10	0	
24	11	17	11	0	
26	12	16	11	0	
27	11	17	8	0	
33	10	17	8	0	
33	8	19	6	0	
31	5	22	8	0	
33	6	21	9	0	
35	5	19	8	0	
39	7	23	7	0	
42	6	20	7	1	
46	7	17	8	1	
47	8	17	7	1	
42	8	16	8	1	
43	8	18	10	1	
42	7	19	10	1	
36	8	17	11	1	
37	9	17	13	1	
37	10	17	13	1	
38	8	17	9	1	
37	8	17	9	1	
35	7	16	9	1	
34	7	17	11	0	
34	7	18	10	0	
36	9	18	11	0	
34	9	20	13	0	
36	9	19	13	0	
32	10	20	12	0	
31	11	18	13	0	
31	12	17	10	0	
30	12	18	11	0	
28	13	16	10	0	
26	13	15	9	0	
27	10	15	9	0	
26	8	17	11	0	
27	9	18	13	0	
26	9	17	13	0	
24	11	18	12	0	
22	13	21	12	0	
19	14	21	15	0	
19	15	24	15	0	
18	13	25	16	0	
20	11	22	13	0	
20	10	22	14	0	
21	10	17	17	0	
20	11	15	14	0	
18	14	16	13	0	
16	13	17	13	0	
16	13	19	14	0	
14	14	23	13	0	
14	17	27	15	0	
14	20	28	16	0	
15	20	28	15	0	
11	21	29	15	0	
10	18	28	18	0	
13	22	29	20	0	
10	22	26	19	0	
11	23	25	19	0	
12	25	27	18	0	
11	24	24	18	0	
11	25	23	20	0	
12	24	24	20	0	
11	24	24	20	0	
11	28	23	20	0	
11	27	18	23	0	
11	26	17	24	0	
12	22	19	22	0	
13	20	19	22	0	
14	21	23	21	0	
15	21	26	23	0	
15	25	25	23	0	
14	25	23	24	0	
11	27	22	24	0	
9	25	19	23	0	
10	22	18	24	0	
7	23	20	20	0	
7	27	22	18	0	
6	26	21	19	0	
6	24	19	21	0	
7	26	18	20	0	
7	25	16	19	0	
8	25	16	17	0	
9	25	16	18	0	
10	21	17	21	0	
9	24	17	19	0	
8	23	15	21	0	
8	25	15	22	0	
10	22	16	20	0	
9	24	17	21	0	
7	23	17	20	0	
10	25	19	21	0	
11	26	19	21	0	
13	25	18	20	0	
13	25	19	22	0	
13	22	19	17	0	
14	22	17	17	0	
15	24	19	17	0	
17	25	16	18	0	
17	23	13	19	0	
18	22	15	21	0	
20	24	15	20	0	
19	23	15	17	0	
17	25	15	17	0	
15	25	15	15	0	
15	24	15	13	0	
15	24	15	12	0	
15	22	14	11	0	
14	23	14	11	0	
13	22	15	12	0	
11	25	17	12	0	
14	24	21	13	0	
14	23	19	14	0	
15	22	18	16	0	
15	16	19	17	0	
14	16	19	15	0	
15	18	20	18	0	
13	20	19	22	0	
16	21	20	22	0	
15	22	23	17	0	
17	21	22	16	0	
15	20	21	16	0	
17	17	26	15	0	
20	16	24	14	0	
20	16	23	16	0	
18	18	27	15	0	
20	19	29	12	0	
17	18	30	13	0	
18	21	29	12	0	
19	24	27	10	0	
20	22	29	9	0	
19	24	28	10	0	
18	25	26	9	0	
19	28	28	8	0	
18	27	27	7	0	
21	26	27	6	0	
19	25	25	6	0	
17	25	25	6	0	
16	26	27	5	0	
19	21	28	4	0	
16	22	29	4	0	
15	25	30	3	0	
14	24	28	3	0	
13	24	27	3	0	
11	25	27	2	0	
12	26	29	2	0	
11	19	29	1	0	
10	20	26	0	0	
9	25	23	0	0	
10	23	22	1	0	
9	24	27	1	0	
9	27	28	1	0	
9	25	26	1	0	
10	25	25	2	0	
10	28	24	3	0	
11	26	26	4	0	
10	27	28	4	0	
9	25	25	3	0	
11	26	21	3	0	
12	27	22	3	0	
12	27	21	6	0	
12	28	19	6	0	
12	32	21	7	0	
11	31	25	6	0	
13	26	21	3	0	
15	25	18	3	0	
16	23	19	3	0	
16	24	18	2	0	
20	26	19	4	0	
19	32	18	4	0	
20	27	18	5	0	
18	27	18	5	0	
19	27	16	3	0	
19	27	16	4	0	
18	31	15	3	0	
16	26	15	1	0	
16	28	18	0	0	
16	27	18	0	0	
14	24	16	1	0	
14	24	16	1	0	
16	22	17	2	0	
19	21	14	3	0	
19	21	15	2	0	
21	21	13	3	0	
19	22	16	3	0	
19	23	18	4	0	
18	23	24	4	0	
20	24	25	5	0	
20	21	27	5	0	
21	19	28	5	0	
20	15	28	7	0	
18	15	26	8	0	
17	14	26	11	0	
17	12	26	11	0	
16	11	30	11	0	
16	10	31	11	0	
15	11	32	11	0	
14	12	32	10	3	
15	12	33	10	3	
14	12	32	11	3	
15	14	32	9	0	
15	14	30	8	0	
13	14	29	10	0	
9	15	30	9	0	
10	14	28	10	0	
10	17	29	8	0	
11	15	26	10	0	
9	16	25	10	0	
8	17	25	10	0	
8	19	25	12	0	
7	22	27	10	0	
9	24	28	10	0	
9	26	25	11	0	
11	25	26	13	0	
12	24	24	16	0	
12	21	25	11	0	
12	20	24	11	0	
10	20	26	11	0	
7	21	26	10	0	
7	21	29	9	0	
5	22	32	9	0	
4	18	30	7	0	
7	17	30	7	0	
8	20	33	7	0	
9	20	33	6	0	
9	22	39	7	0	
10	23	36	7	0	
10	23	30	7	0	
10	24	26	5	0	
9	23	27	4	0	
7	25	27	4	0	
8	24	28	5	0	
8	23	27	6	0	
8	21	27	7	0	
7	23	28	6	0	
9	21	28	5	0	
10	23	28	5	0	
10	25	29	6	0	
6	26	31	6	0	
7	30	30	5	0	
8	28	29	6	0	
8	30	26	8	0	
8	29	23	8	0	
7	27	23	8	0	
7	27	22	9	0	
7	26	21	11	0	
8	26	22	12	0	
9	27	24	11	0	
10	30	24	10	0	
11	28	22	11	0	
14	25	24	11	0	
16	29	27	11	0	
17	26	26	9	0	
17	25	26	13	0	
17	26	25	13	0	
17	24	26	15	0	
16	26	24	14	0	
16	21	23	14	0	
19	23	22	15	0	
16	22	24	17	0	
17	19	26	15	0	
17	19	25	14	0	
16	17	28	13	0	
14	16	29	13	0	
15	19	25	12	0	
13	18	23	11	0	
13	18	21	8	0	
11	16	21	8	0	
10	16	18	10	0	
12	16	20	11	0	
11	19	17	11	0	
10	15	13	13	0	
12	17	13	12	0	
12	15	15	12	0	
12	17	13	13	0	
14	22	14	14	0	
13	22	16	14	0	
16	20	17	16	0	
17	18	18	15	0	
16	17	18	17	0	
17	15	21	15	0	
17	15	24	15	0	
14	13	25	19	0	
14	16	26	18	0	
13	16	25	17	0	
12	17	23	18	0	
11	17	21	18	0	
12	18	21	17	0	
11	19	22	17	0	
14	21	23	17	0	
14	22	24	19	0	
17	21	24	15	0	
18	21	22	16	0	
19	21	23	16	0	
18	22	23	14	0	
18	23	22	16	0	
18	25	20	15	0	
20	23	25	13	0	
21	21	22	16	0	
25	22	22	15	0	
22	20	21	15	0	
23	20	18	15	0	
22	23	20	11	0	
21	23	21	11	0	
20	27	22	9	0	
20	26	23	11	0	
19	25	23	13	0	
22	26	23	13	0	
17	26	25	13	0	
19	22	27	16	0	
17	23	24	16	0	
18	23	27	13	0	
19	24	26	11	0	
16	22	26	12	0	
19	21	25	11	0	
16	22	25	11	0	
14	21	23	11	0	
15	23	22	14	0	
17	21	21	16	0	
18	24	22	16	0	
19	18	22	14	0	
20	17	24	14	0	
18	16	23	16	0	
17	15	24	16	0	
20	13	26	15	0	
19	13	21	17	0	
19	13	22	17	0	
16	12	28	20	0	
18	11	25	20	0	
16	12	25	22	0	
15	12	27	21	0	
14	12	26	20	0	
15	12	29	19	0	
15	11	29	20	0	
14	10	30	17	0	
16	8	24	20	0	
14	10	22	21	0	
17	11	24	19	0	
16	12	22	21	0	
15	13	17	18	0	
17	10	19	16	0	
18	9	21	16	0	
17	9	23	15	0	
15	9	23	15	0	
17	7	26	16	0	
19	6	24	16	0	
20	6	21	15	0	
20	5	21	18	0	
21	5	23	18	0	
22	6	22	17	0	
24	6	25	19	0	
22	4	26	18	0	
21	4	28	19	0	
21	4	30	17	0	
23	4	23	16	0	
24	4	25	17	0	
24	4	27	17	0	
23	3	30	18	0	
21	3	32	18	0	
23	3	35	16	0	
22	4	37	17	0	
23	4	37	15	0	
24	4	36	13	0	
20	3	38	12	0	
20	3	38	13	0	
21	4	41	11	0	
20	4	40	11	3	
22	4	37	12	0	
19	3	36	12	0	
20	3	35	10	0	
18	3	35	10	0	
15	4	35	10	3	
16	4	33	9	0	
15	4	30	10	0	
13	4	28	10	0	
13	4	30	10	3	
13	4	32	10	3	
13	4	34	11	3	
13	4	37	11	3	
14	5	36	13	3	
13	4	37	11	3	
14	3	37	13	3	
15	2	36	11	3	
15	2	40	12	3	
13	2	36	13	3	
13	2	37	14	3	
13	3	34	12	3	
14	3	31	14	0	
13	2	32	16	0	
12	1	26	16	0	
12	1	22	13	0	
15	1	27	13	0	
15	1	32	13	0	
15	1	36	14	3	
14	1	35	14	3	
12	2	33	14	3	
12	4	32	14	3	
11	4	34	15	3	
10	4	38	16	3	
11	3	36	18	0	
12	3	36	19	0	
13	3	38	19	0	
13	4	39	20	0	
15	4	39	21	0	
15	5	37	23	0	
15	6	37	25	0	
14	6	38	26	0	
15	3	39	23	0	
17	2	38	22	0	
18	4	38	23	0	
18	3	36	20	0	
19	2	40	18	3	
19	2	39	18	3	
17	2	36	15	3	
24	3	37	16	0	
19	4	37	16	0	
20	5	37	13	0	
21	5	36	12	0	
23	6	35	10	0	
25	7	33	13	0	
26	7	35	14	0	
24	5	37	13	0	
27	5	37	14	0	
28	6	35	13	0	
25	7	36	11	0	
25	8	36	10	0	
27	8	35	10	0	
25	10	32	11	0	
21	10	35	11	0	
24	11	30	10	0	
25	11	27	7	0	
26	10	30	9	0	
27	10	27	9	0	
29	9	29	9	0	
28	8	30	9	0	
30	9	26	8	0	
25	9	25	7	0	
26	9	26	7	0	
24	10	25	9	0	
25	10	22	9	0	
25	10	21	8	0	
25	11	22	7	0	
26	12	22	6	0	
26	14	23	8	0	
26	13	25	7	0	
26	11	24	6	0	
31	10	24	5	0	
29	11	21	8	0	
27	11	20	10	0	
24	10	23	11	0	
26	9	24	9	0	
25	11	22	11	0	
23	13	21	11	0	
24	10	15	12	0	
23	12	17	12	0	
26	10	18	12	0	
26	8	19	12	0	
29	9	19	11	0	
30	10	19	10	0	
31	12	19	11	0	
29	12	23	12	0	
29	13	23	12	0	
28	14	22	12	0	
26	12	21	13	0	
27	11	21	16	0	
27	12	21	14	0	
25	13	21	14	0	
24	13	20	17	0	
19	15	23	16	0	
19	13	24	14	0	
16	13	21	14	0	
19	14	22	15	0	
20	13	21	13	0	
19	13	19	13	0	
21	12	21	14	0	
25	13	22	16	0	
26	13	20	17	0	
25	14	20	19	0	
24	17	16	20	0	
23	17	17	20	0	
20	15	19	19	0	
18	13	19	19	0	
18	16	17	19	0	
18	14	19	20	0	
16	13	18	23	0	
19	12	18	18	0	
18	10	20	15	0	
18	9	20	15	0	
17	10	24	15	0	
17	7	25	16	0	
16	10	22	17	0	
16	8	22	18	0	
19	9	23	18	0	
19	8	23	18	0	
17	9	24	16	0	
18	10	22	16	0	
20	12	21	14	0	
22	12	26	13	0	
20	12	25	15	0	
18	11	25	19	0	
18	9	26	21	0	
20	9	26	20	0	
19	7	29	18	0	
21	7	29	22	0	
21	6	31	24	0	
22	6	28	23	0	
22	7	29	25	0	
24	6	28	22	0	
22	5	27	19	0	
23	5	27	20	0	
22	4	28	22	0	
25	6	29	22	0	
29	6	31	22	0	
24	5	27	23	0	
22	5	29	26	0	
21	5	28	25	0	
20	7	30	26	0	
23	8	26	25	0	
21	7	23	27	0	
20	7	22	25	0	
19	8	18	25	0	
18	8	18	25	0	
22	7	18	25	0	
22	7	19	26	0	
23	8	21	26	0	
23	8	22	25	0	
22	8	21	28	0	
22	9	19	27	0	
21	8	19	28	0	
19	7	19	27	0	
19	9	19	28	0	
21	8	21	29	0	
16	7	18	28	0	
15	7	20	28	0	
16	8	20	28	0	
16	8	20	25	0	
17	8	22	27	0	
17	7	21	26	0	
21	8	23	23	0	
20	9	24	22	0	
21	8	22	24	0	
21	9	24	25	0	
21	9	25	19	0	
18	10	23	21	0	
16	10	23	22	0	
15	10	24	22	0	
14	12	23	22	0	
14	15	24	22	0	
15	17	23	18	0	
17	14	22	18	0	
17	16	24	20	0	
14	15	26	21	0	
12	17	27	23	0	
12	18	26	20	0	
11	18	23	22	0	
12	18	24	23	0	
11	18	18	25	0	
8	18	19	25	0	
8	17	20	24	0	
9	16	21	27	0	
9	17	22	24	0	
11	20	23	23	0	
10	17	25	23	0	
11	18	23	22	0	
11	20	23	19	0	
11	17	22	17	0	
11	19	20	20	0	
12	20	20	20	0	
10	19	21	17	0	
9	19	24	17	0	
9	18	27	19	0	
12	21	26	16	0	
13	24	27	16	0	
14	23	20	13	0	
14	25	24	12	0	
16	25	21	12	0	
15	23	21	12	0	
18	24	19	13	0	
18	24	18	14	0	
16	27	19	12	0	
14	25	18	11	0	
13	27	17	10	0	
10	26	15	13	0	
14	27	14	14	0	
15	25	13	12	0	
13	23	13	11	0	
14	27	11	12	0	
16	27	11	13	0	
15	24	7	12	0	
13	25	6	14	0	
16	23	6	11	0	
16	24	8	11	0	
15	23	8	10	0	
13	23	9	9	0	
12	22	7	11	0	
8	24	6	12	0	
9	23	6	10	0	
9	23	5	8	0	
8	24	4	8	2	
7	26	2	9	2	
7	27	2	8	2	
7	25	3	9	2	
9	26	3	9	2	
8	29	5	9	2	
9	31	6	8	2	
8	33	6	8	2	
10	31	7	10	2	
10	31	6	9	2	
10	33	6	7	2	
10	27	5	7	2	
11	27	6	9	2	
11	31	7	9	2	
13	33	7	9	2	
9	31	7	8	2	
9	34	7	6	2	
9	34	8	6	2	
9	37	9	6	2	
10	37	11	6	2	
12	38	8	6	2	
11	41	9	8	2	
11	39	8	7	2	
12	38	11	7	2	
13	39	6	8	2	
12	38	5	6	2	
13	38	4	5	2	
13	40	2	3	2	
14	37	3	4	2	
13	35	4	4	2	
12	37	4	4	2	
8	39	5	5	2	
9	43	7	5	2	
9	41	7	4	2	
9	38	8	4	2	
10	38	8	4	2	
11	39	9	4	2	
11	38	8	4	2	
11	37	8	4	2	
15	37	10	4	2	
16	40	11	4	2	
13	42	10	6	2	
11	42	13	7	2	
12	38	13	6	2	
13	36	12	6	2	
13	42	13	9	2	
14	36	10	9	2	
16	36	9	8	2	
15	34	11	7	2	
19	37	10	5	0	
19	36	11	4	0	
21	32	12	6	0	
19	32	10	6	0	
18	34	8	5	0	
16	40	5	6	2	
15	40	5	7	2	
15	43	4	8	2	
14	40	3	7	2	
13	45	3	8	2	
12	44	3	12	2	
13	44	3	13	2	
11	45	5	12	2	
13	45	5	8	2	
14	47	4	6	2	
17	40	3	6	2	
17	38	4	6	2	
14	40	4	6	2	
14	45	2	7	2	
13	47	2	8	2	
12	44	2	8	2	
12	42	3	8	2	
11	46	4	9	2	
10	48	5	10	2	
9	52	7	11	2	
9	51	6	11	2	
9	49	7	9	2	
9	45	8	11	2	
9	50	8	11	2	
8	44	8	12	2	
8	40	8	12	2	
8	39	8	15	2	
8	37	7	18	0	
7	40	7	19	2	
7	39	7	18	2	
6	38	7	17	2	
5	39	6	18	2	
5	37	6	18	0	
3	36	7	18	0	
3	40	8	18	2	
3	40	9	16	2	
4	42	8	15	2	
5	42	9	15	2	
4	40	9	15	2	
5	37	9	19	0	
6	37	8	18	0	
6	39	9	17	2	
6	37	11	16	2	
6	35	11	15	2	
6	36	11	16	2	
7	35	10	13	2	
7	33	10	13	2	
7	31	10	14	0	
7	33	11	15	2	
8	36	11	13	2	
8	36	11	14	2	
8	36	11	14	2	
9	38	13	13	2	
11	39	12	13	2	
11	37	9	13	2	
10	38	6	11	2	
11	38	8	10	2	
13	42	6	10	2	
10	42	4	13	2	
11	43	5	13	2	
11	39	6	10	2	
13	40	6	10	2	
11	43	7	10	2	
10	41	7	9	2	
12	42	8	8	2	
13	39	9	8	2	
10	40	9	9	2	
10	41	10	9	2	
11	40	11	10	2	
10	44	10	9	2	
11	44	10	7	2	
10	43	12	7	2	
10	43	12	7	2	
10	43	8	8	2	
10	43	8	6	2	
10	46	9	6	2	
9	43	9	6	2	
10	40	10	6	2	
13	37	9	5	2	
16	38	9	5	2	
15	38	11	6	2	
14	34	12	8	2	
13	34	12	10	2	
13	36	12	9	2	
13	32	12	8	2	
12	31	14	9	0	
11	32	10	8	2	
12	36	11	9	2	
11	37	14	9	2	
10	37	12	9	2	
9	35	14	7	2	
6	38	14	6	2	
6	37	16	8	2	
6	33	19	8	0	
5	32	19	7	0	
5	27	19	6	0	
5	28	21	6	0	
3	24	18	6	0	
4	23	18	6	0	
4	25	19	5	0	
3	27	23	4	0	
3	26	24	4	0	
3	27	23	4	0	
2	26	22	5	0	
2	23	27	6	0	
3	24	26	6	0	
4	25	28	6	0	
4	25	30	3	0	
3	23	31	3	0	
3	21	31	3	0	
3	25	31	3	0	
3	26	28	2	0	
4	23	24	1	0	
3	23	24	2	0	
5	21	26	1	0	
4	23	28	1	0	
4	23	26	1	0	
4	23	29	1	0	
5	27	26	1	0	
6	28	27	1	0	
7	27	28	2	0	
7	26	26	3	0	
6	26	28	4	0	
5	27	29	6	0	
5	28	32	9	0	
5	23	32	11	0	
4	23	33	10	0	
5	24	33	11	0	
6	21	30	13	0	
6	21	32	15	0	
7	22	32	15	0	
7	24	33	16	0	
6	22	28	17	0	
9	20	23	17	0	
11	20	21	16	0	
11	20	21	17	0	
12	18	19	17	0	
11	20	17	14	0	
12	17	14	13	0	
15	18	12	12	0	
15	17	14	13	0	
15	19	15	13	0	
16	18	12	13	0	
19	17	10	14	0	
18	17	10	13	0	
18	18	11	17	0	
19	19	9	15	0	
21	22	6	12	0	
24	24	6	12	0	
23	23	7	13	0	
