0	0	0	1	0	
0	0	0	2	0	
0	0	1	2	0	
1	0	1	2	0	
1	0	2	4	0	
1	1	2	3	0	
2	1	2	4	0	
3	2	4	6	0	
3	2	3	6	0	
3	2	3	8	0	
4	3	2	8	0	
4	3	2	8	0	
4	4	0	8	0	
4	4	0	11	0	
3	5	2	12	0	
4	5	1	11	0	
4	4	2	10	0	
3	5	2	10	0	
4	5	3	9	0	
2	4	2	11	0	
3	5	3	11	0	
4	5	5	12	0	
4	6	6	12	0	
5	6	6	10	0	
6	6	9	10	0	
7	9	9	9	0	
5	9	7	13	0	
6	9	9	11	0	
7	9	10	13	0	
7	9	11	14	0	
8	10	14	15	0	
5	10	14	14	0	
6	9	18	16	0	
4	9	16	16	0	
5	9	15	16	0	
5	9	16	16	0	
5	10	18	15	0	
5	6	17	15	0	
4	8	20	16	0	
3	10	23	18	0	
3	10	26	18	0	
3	12	29	15	0	
3	12	34	18	0	
2	12	33	16	0	
3	15	34	15	3	
4	14	32	16	0	
4	13	31	17	0	
4	13	29	16	0	
5	12	31	16	0	
7	12	30	16	0	
7	14	32	15	0	
8	13	29	16	0	
5	14	31	17	0	
6	15	32	15	0	
7	14	35	18	0	
8	14	34	21	0	
10	14	33	17	0	
11	13	31	15	0	
12	14	32	14	3	
11	16	31	15	0	
14	16	32	15	0	
13	15	32	13	0	
11	13	33	12	3	
11	12	32	13	3	
14	10	34	16	0	
13	11	36	16	3	
12	10	35	16	3	
14	8	33	15	3	
13	8	33	15	3	
12	8	34	16	0	
10	8	32	16	0	
10	9	32	16	0	
9	10	32	18	0	
10	10	32	18	0	
8	12	33	18	0	
6	12	38	18	3	
8	12	41	18	3	
10	11	41	20	3	
10	8	40	18	3	
9	7	39	18	3	
10	7	40	17	3	
10	7	41	19	3	
10	7	39	18	3	
11	8	42	19	3	
10	6	38	20	0	
8	6	39	17	3	
8	4	41	17	3	
8	4	38	20	0	
9	3	38	19	0	
9	3	35	21	0	
9	4	34	19	0	
9	5	35	17	0	
10	4	36	16	3	
10	5	37	12	3	
9	6	38	11	3	
11	6	36	10	3	
14	6	41	11	3	
14	5	39	10	3	
12	6	45	12	3	
12	6	40	11	3	
12	6	39	11	3	
12	6	39	12	3	
14	6	40	11	3	
14	4	38	9	3	
16	3	37	8	3	
17	2	37	8	3	
16	5	39	9	3	
16	6	42	9	3	
15	7	39	8	3	
13	8	37	7	3	
12	9	41	6	3	
11	10	41	6	3	
11	11	40	7	3	
11	10	40	7	3	
10	11	38	8	3	
11	10	41	8	3	
11	11	39	8	3	
9	10	39	7	3	
6	12	40	4	3	
5	11	43	3	3	
7	11	46	4	3	
9	11	47	4	3	
8	10	44	4	3	
9	10	45	4	3	
11	11	49	4	3	
11	10	47	5	3	
13	11	49	5	3	
13	11	49	6	3	
15	14	47	7	3	
14	13	46	7	3	
13	13	42	8	3	
12	14	40	7	3	
9	15	44	9	3	
11	15	39	10	3	
9	14	41	11	3	
9	14	40	11	3	
7	18	35	10	0	
7	20	36	11	0	
8	20	33	11	0	
12	17	32	11	0	
12	17	33	10	0	
13	17	31	11	0	
11	17	31	11	0	
10	16	30	14	0	
9	16	30	15	0	
9	16	28	15	0	
10	15	31	14	0	
10	14	31	11	0	
11	15	33	10	3	
9	16	34	12	0	
8	15	34	13	3	
6	16	35	13	3	
6	16	36	12	3	
7	15	38	14	3	
7	16	36	14	3	
7	17	33	15	0	
7	17	34	14	0	
5	15	29	19	0	
4	18	31	20	0	
6	18	29	20	0	
7	22	30	21	0	
8	20	27	22	0	
8	18	25	21	0	
8	16	29	21	0	
8	18	26	19	0	
8	18	23	20	0	
9	19	25	18	0	
8	19	24	18	0	
7	19	22	17	0	
7	18	21	16	0	
7	18	24	19	0	
7	22	24	19	0	
7	24	25	18	0	
8	25	25	15	0	
6	29	25	19	0	
7	29	24	19	0	
7	31	27	18	0	
9	31	25	16	0	
9	32	23	15	0	
11	32	23	13	0	
10	36	22	13	0	
9	34	23	11	0	
9	30	21	14	0	
9	34	20	15	0	
9	33	18	14	0	
10	34	17	14	0	
11	34	16	12	0	
11	29	17	10	0	
13	30	16	9	0	
13	29	16	8	0	
13	31	13	10	2	
12	29	11	12	2	
12	28	13	13	0	
14	30	14	16	0	
14	27	14	15	0	
14	28	15	16	0	
14	24	17	12	0	
14	26	17	13	0	
14	28	16	12	0	
9	27	17	13	0	
9	23	19	13	0	
9	24	21	11	0	
9	23	18	9	0	
10	21	18	10	0	
11	22	19	9	0	
11	25	19	6	0	
12	23	19	6	0	
17	23	20	8	0	
16	22	17	9	0	
16	23	19	11	0	
17	24	21	12	0	
18	25	21	12	0	
15	28	23	11	0	
12	29	22	9	0	
10	26	20	6	0	
11	25	19	6	0	
10	25	19	6	0	
10	24	20	4	0	
11	25	22	5	0	
11	25	22	5	0	
16	23	18	6	0	
17	24	22	6	0	
18	25	20	7	0	
17	25	20	7	0	
18	25	23	7	0	
17	29	24	7	0	
19	29	22	8	0	
16	30	22	5	0	
17	32	19	4	0	
16	32	17	4	0	
18	30	19	6	0	
18	30	20	7	0	
15	27	18	8	0	
16	27	20	9	0	
15	25	22	9	0	
17	24	18	11	0	
14	24	20	11	0	
15	26	19	9	0	
14	25	23	10	0	
14	24	22	11	0	
15	26	19	13	0	
14	25	18	13	0	
17	23	17	10	0	
17	24	19	10	0	
16	25	18	10	0	
19	27	20	10	0	
18	25	18	7	0	
16	21	19	7	0	
20	19	24	9	0	
19	23	24	10	0	
18	22	24	10	0	
21	22	21	11	0	
24	23	20	10	0	
25	21	20	10	0	
23	20	19	12	0	
20	16	21	8	0	
20	16	20	9	0	
21	17	22	9	0	
27	17	22	11	0	
29	17	24	11	0	
28	17	23	11	0	
30	17	21	11	0	
31	16	18	12	0	
28	18	17	11	0	
26	18	19	12	0	
27	17	15	9	0	
30	20	17	10	0	
30	21	16	9	0	
25	21	18	9	0	
26	18	22	9	0	
26	16	21	7	0	
25	17	19	5	0	
26	18	23	4	0	
24	15	21	4	0	
24	13	22	4	0	
23	13	22	5	0	
22	11	21	6	0	
25	13	19	4	0	
27	13	21	4	0	
27	13	17	4	0	
27	14	19	4	0	
27	13	18	6	0	
26	12	22	6	0	
27	9	22	6	0	
30	9	20	5	0	
29	9	21	7	0	
26	10	21	6	0	
29	10	20	6	0	
31	11	23	8	0	
27	11	24	9	0	
28	11	23	10	0	
29	11	23	11	0	
28	12	23	11	0	
26	13	25	12	0	
27	13	28	12	0	
27	11	27	12	0	
29	11	30	11	0	
30	10	28	10	0	
31	12	23	11	0	
30	12	27	12	0	
25	12	30	13	0	
22	12	28	14	0	
25	11	31	14	0	
29	8	29	16	0	
27	9	28	16	0	
30	7	27	16	0	
30	8	20	14	0	
30	8	21	15	0	
33	8	22	14	0	
32	7	26	14	0	
29	9	25	12	0	
27	10	23	13	0	
29	10	24	12	0	
27	11	21	11	0	
26	14	17	13	0	
26	13	18	13	0	
24	12	19	14	0	
23	11	16	15	0	
24	10	18	15	0	
24	10	19	15	0	
21	13	19	16	0	
22	14	16	17	0	
22	12	17	18	0	
21	13	19	21	0	
22	16	18	20	0	
22	16	22	20	0	
20	14	22	18	0	
18	13	21	16	0	
17	11	18	16	0	
18	10	19	17	0	
17	12	17	15	0	
17	13	16	15	0	
18	13	16	12	0	
17	14	17	11	0	
19	13	18	11	0	
20	14	15	10	0	
23	14	13	11	0	
21	14	15	12	0	
29	12	17	14	0	
28	14	19	14	0	
31	16	19	12	0	
27	17	20	12	0	
27	16	20	12	0	
25	17	19	10	0	
25	17	17	8	0	
26	17	17	9	0	
25	16	21	9	0	
25	17	22	8	0	
25	19	21	7	0	
20	22	23	8	0	
22	22	21	10	0	
23	22	20	10	0	
20	23	21	8	0	
20	24	23	8	0	
20	23	21	7	0	
22	26	23	8	0	
20	30	23	7	0	
20	27	22	9	0	
17	29	21	9	0	
15	28	19	9	0	
15	28	21	7	0	
16	21	20	7	0	
18	20	18	7	0	
19	20	15	6	0	
20	21	16	7	0	
24	21	16	8	0	
23	23	16	9	0	
22	23	15	9	0	
22	26	14	9	0	
21	26	16	8	0	
23	26	20	8	0	
22	24	21	12	0	
20	22	18	11	0	
23	24	18	11	0	
23	23	15	12	0	
18	22	13	11	0	
18	24	15	9	0	
16	27	15	6	0	
14	32	15	6	0	
14	32	15	8	0	
15	34	14	6	2	
15	30	12	7	0	
17	34	12	7	0	
20	30	12	9	0	
21	25	10	9	0	
21	26	10	7	0	
16	29	10	8	0	
14	28	10	7	0	
14	27	10	6	0	
14	26	11	6	0	
14	21	12	7	0	
15	21	12	7	0	
17	22	11	9	0	
16	19	12	10	0	
19	19	13	10	0	
19	19	14	12	0	
22	21	13	10	0	
23	24	11	13	0	
19	20	13	13	0	
19	21	15	13	0	
17	18	14	17	0	
17	15	16	18	0	
21	14	16	23	0	
21	15	19	25	0	
20	15	18	27	0	
20	16	15	22	0	
21	16	13	20	0	
24	17	16	22	0	
22	15	15	22	0	
19	12	15	24	0	
17	12	13	28	0	
14	14	11	26	0	
15	13	11	25	0	
16	13	9	23	0	
15	12	9	28	0	
14	11	11	28	0	
15	11	12	29	0	
13	9	12	29	0	
14	10	12	31	0	
16	8	11	28	0	
16	8	10	30	0	
16	10	10	30	0	
16	10	11	27	0	
14	12	12	28	0	
15	10	13	28	0	
16	10	13	30	0	
13	10	13	31	4	
15	9	13	31	0	
13	10	12	30	4	
9	10	13	33	4	
11	8	12	31	4	
12	6	14	30	0	
12	6	15	31	0	
10	8	16	31	0	
13	9	17	36	4	
13	9	16	34	0	
13	11	17	32	0	
13	13	15	32	0	
14	15	14	33	4	
15	14	16	33	0	
12	14	17	32	0	
11	15	19	29	0	
10	15	20	29	0	
10	15	20	31	0	
10	15	21	31	0	
10	12	22	35	0	
11	12	23	32	0	
8	13	23	32	0	
8	14	25	33	0	
6	14	22	32	0	
7	16	23	29	0	
8	16	24	28	0	
8	16	22	28	0	
6	16	22	31	0	
5	15	27	30	0	
3	12	26	29	0	
4	14	23	31	0	
3	13	22	30	0	
3	10	21	34	0	
3	12	21	35	0	
4	14	23	34	0	
5	14	23	32	0	
6	12	23	35	0	
7	10	19	37	0	
8	10	20	36	0	
7	10	17	34	0	
7	12	18	35	0	
8	11	16	33	0	
7	11	16	37	4	
8	12	17	37	4	
9	11	17	40	4	
9	16	13	35	4	
6	16	13	35	4	
7	14	13	33	4	
7	12	16	34	0	
6	14	14	32	4	
6	15	17	35	0	
8	16	15	32	0	
8	18	15	36	0	
8	22	13	35	0	
10	20	15	33	0	
13	19	13	34	0	
11	17	12	36	4	
12	15	14	36	4	
12	17	15	36	4	
13	18	15	34	0	
13	18	15	33	0	
9	17	16	29	0	
9	18	17	28	0	
10	18	15	28	0	
8	17	12	28	0	
9	19	13	29	0	
12	21	11	29	0	
12	24	9	30	0	
13	25	7	33	0	
12	25	7	31	0	
12	25	8	29	0	
12	25	7	27	0	
13	25	6	29	0	
12	28	6	26	0	
12	25	4	29	0	
12	28	4	29	0	
14	30	5	28	0	
13	27	5	27	0	
14	28	4	28	0	
13	25	5	28	0	
15	20	5	27	0	
15	21	6	29	0	
14	19	7	30	0	
14	16	8	33	0	
14	18	8	34	0	
15	22	6	34	0	
12	22	6	33	0	
11	22	5	30	0	
11	22	6	31	0	
12	23	6	33	0	
16	22	5	34	0	
18	23	5	35	0	
16	21	4	37	0	
16	21	5	37	0	
16	19	3	37	0	
16	19	3	34	0	
16	22	3	33	0	
14	18	4	34	0	
14	21	4	31	0	
14	21	4	30	0	
14	22	5	31	0	
17	22	6	32	0	
17	24	5	31	0	
13	28	5	30	0	
14	30	4	30	0	
15	32	3	26	0	
11	27	5	27	0	
10	26	6	24	0	
9	27	5	26	0	
8	27	5	26	0	
8	29	2	28	0	
7	29	2	27	0	
9	27	3	24	0	
10	23	4	25	0	
10	26	4	22	0	
9	24	6	24	0	
9	27	5	27	0	
8	23	7	27	0	
8	21	9	26	0	
8	24	8	24	0	
8	27	8	26	0	
9	29	9	26	0	
10	29	7	25	0	
10	32	6	22	0	
6	28	6	27	0	
5	31	6	26	0	
4	30	5	28	0	
4	28	5	31	0	
6	31	7	34	0	
6	32	7	38	0	
6	32	6	39	0	
6	28	8	34	0	
6	28	8	33	0	
7	25	8	36	0	
7	25	9	38	0	
8	24	10	40	0	
8	23	10	40	0	
7	20	12	39	0	
7	21	13	35	0	
8	21	12	37	0	
10	18	12	33	0	
9	17	13	32	0	
8	17	15	30	0	
10	18	13	26	0	
10	22	13	26	0	
10	18	15	28	0	
10	20	18	29	0	
12	19	17	28	0	
13	21	16	27	0	
13	20	16	28	0	
14	17	15	23	0	
17	16	15	21	0	
18	16	16	20	0	
15	16	16	15	0	
13	14	15	17	0	
15	17	16	18	0	
20	19	16	18	0	
20	19	19	17	0	
19	18	19	16	0	
20	19	16	14	0	
20	18	18	15	0	
20	17	17	15	0	
20	17	16	19	0	
20	16	18	20	0	
17	17	16	19	0	
15	14	15	22	0	
17	16	13	22	0	
17	19	11	25	0	
18	20	13	24	0	
17	20	13	25	0	
16	20	14	24	0	
14	19	15	24	0	
16	19	16	23	0	
16	17	15	25	0	
17	18	16	28	0	
17	18	14	23	0	
17	22	13	23	0	
15	23	15	29	0	
15	21	16	28	0	
14	24	15	27	0	
17	20	15	24	0	
18	17	15	25	0	
17	14	15	28	0	
19	12	13	29	0	
21	13	15	27	0	
21	13	16	25	0	
21	13	18	23	0	
20	15	18	23	0	
21	18	18	22	0	
24	18	17	23	0	
26	14	16	23	0	
26	13	15	22	0	
27	12	15	20	0	
27	12	17	25	0	
26	14	15	24	0	
26	14	16	27	0	
27	15	14	26	0	
28	14	14	26	0	
25	13	13	22	0	
25	12	14	22	0	
25	12	13	25	0	
28	14	14	24	0	
25	14	13	23	0	
23	13	13	19	0	
23	12	13	21	0	
23	14	15	19	0	
22	15	14	17	0	
24	14	16	18	0	
22	14	15	18	0	
24	14	15	15	0	
26	13	16	12	0	
28	14	16	12	0	
27	17	13	13	0	
30	17	12	12	0	
29	17	11	15	0	
27	15	11	16	0	
27	17	11	19	0	
25	17	10	21	0	
23	16	11	19	0	
24	15	12	21	0	
20	16	14	20	0	
18	16	15	18	0	
17	17	16	21	0	
18	17	16	20	0	
19	18	13	20	0	
19	18	13	17	0	
18	19	13	18	0	
18	20	10	15	0	
19	25	11	13	0	
16	24	12	16	0	
15	24	11	14	0	
14	23	11	13	0	
14	24	11	11	0	
18	25	9	9	0	
18	26	9	11	0	
21	25	9	10	0	
21	28	8	8	0	
23	30	8	7	0	
25	31	10	5	0	
24	31	10	6	0	
22	29	10	5	0	
21	28	8	4	0	
20	32	10	6	0	
18	32	9	6	0	
19	30	10	6	0	
21	31	9	7	0	
24	28	8	7	0	
25	26	10	7	0	
25	26	10	7	0	
29	23	12	7	0	
29	25	11	7	0	
29	28	9	6	0	
26	27	9	6	0	
25	26	9	5	0	
25	26	9	4	0	
28	25	9	4	0	
30	26	8	4	0	
27	28	7	4	0	
28	29	8	4	0	
29	28	8	3	0	
29	23	8	3	0	
28	24	8	3	0	
28	24	10	2	0	
31	24	11	2	0	
29	25	11	2	0	
28	22	11	3	0	
28	20	11	3	0	
26	20	10	4	0	
23	20	11	7	0	
23	21	11	8	0	
22	25	11	9	0	
20	24	11	8	0	
18	22	10	8	0	
21	24	10	7	0	
20	24	10	7	0	
22	23	11	7	0	
20	22	10	7	0	
21	23	9	8	0	
23	23	6	8	0	
22	22	6	9	0	
21	25	6	10	0	
21	25	5	8	0	
22	26	4	10	0	
21	24	4	10	0	
19	24	5	11	0	
21	22	5	13	0	
18	23	8	13	0	
18	23	8	11	0	
17	20	9	13	0	
19	19	8	15	0	
19	20	7	13	0	
19	21	10	11	0	
15	21	12	13	0	
18	21	11	13	0	
18	18	10	10	0	
18	20	14	12	0	
17	19	11	12	0	
14	21	12	13	0	
12	22	12	12	0	
14	20	11	16	0	
18	20	11	16	0	
16	21	9	16	0	
15	23	10	17	0	
13	26	8	19	0	
11	24	9	18	0	
10	26	10	16	0	
9	24	10	17	0	
10	26	11	20	0	
10	25	11	20	0	
10	25	10	22	0	
10	24	10	25	0	
10	21	11	24	0	
11	21	9	27	0	
10	20	10	25	0	
11	21	9	25	0	
12	20	12	25	0	
13	16	17	27	0	
14	15	15	28	0	
12	17	17	29	0	
13	17	17	29	0	
14	16	16	27	0	
14	19	16	25	0	
14	18	16	23	0	
15	16	13	21	0	
14	16	11	17	0	
14	16	9	16	0	
13	17	10	13	0	
19	15	10	16	0	
21	15	12	14	0	
20	15	11	13	0	
20	14	8	11	0	
25	16	11	10	0	
24	17	12	11	0	
25	15	12	11	0	
26	14	13	12	0	
22	15	12	12	0	
24	16	13	12	0	
26	20	13	11	0	
24	20	13	13	0	
24	20	13	12	0	
23	21	12	12	0	
23	23	13	12	0	
24	24	14	12	0	
27	21	14	11	0	
26	20	14	9	0	
23	23	12	9	0	
25	23	11	10	0	
27	25	14	12	0	
26	25	13	14	0	
25	24	15	15	0	
23	22	20	16	0	
23	21	19	15	0	
23	21	18	18	0	
23	23	18	19	0	
20	22	17	21	0	
19	22	16	19	0	
18	25	14	18	0	
21	23	15	18	0	
19	27	18	19	0	
16	28	15	16	0	
14	29	12	16	0	
15	29	13	14	0	
16	28	12	16	0	
15	26	12	14	0	
14	26	10	14	0	
16	24	9	16	0	
15	23	8	14	0	
15	25	7	16	0	
16	24	7	15	0	
13	23	8	15	0	
13	20	6	16	0	
11	21	6	16	0	
8	24	8	17	0	
8	25	8	16	0	
9	26	8	20	0	
11	27	8	21	0	
12	25	8	25	0	
12	26	6	19	0	
14	24	6	19	0	
15	29	5	17	0	
15	29	6	18	0	
16	24	5	16	0	
15	25	3	17	0	
16	26	4	17	0	
16	28	4	19	0	
17	31	4	16	0	
21	29	4	17	0	
18	28	3	15	0	
16	31	2	17	0	
16	35	2	19	0	
17	36	3	18	0	
13	29	3	19	0	
13	30	4	17	0	
13	31	4	15	0	
13	32	5	14	2	
14	32	6	14	2	
13	33	6	13	2	
15	34	6	13	2	
15	32	6	13	0	
17	28	6	16	0	
16	29	5	17	0	
17	34	6	18	0	
16	33	5	16	0	
16	36	5	17	2	
20	40	4	19	2	
19	38	3	18	0	
18	38	3	20	0	
18	36	4	19	0	
16	38	5	17	2	
16	37	5	17	2	
13	39	5	19	2	
14	34	6	20	0	
14	38	5	19	0	
15	39	7	18	2	
15	40	6	19	2	
15	40	6	16	2	
16	37	6	16	2	
17	36	7	18	0	
16	33	8	13	0	
14	30	7	13	0	
14	33	8	14	2	
14	32	8	13	2	
14	30	7	15	0	
15	28	7	13	0	
17	26	8	14	0	
14	26	8	13	0	
14	25	8	13	0	
18	26	6	13	0	
20	27	7	11	0	
21	26	7	11	0	
23	27	7	10	0	
18	26	7	11	0	
17	24	8	11	0	
15	24	7	11	0	
15	29	7	12	0	
18	31	7	13	0	
20	35	9	13	0	
18	36	6	13	0	
15	35	5	13	2	
16	34	4	14	0	
16	33	4	14	0	
18	34	3	14	0	
17	36	4	12	2	
15	32	3	12	0	
18	32	4	16	0	
19	26	5	16	0	
17	25	4	16	0	
15	29	6	16	0	
13	28	6	16	0	
12	25	5	17	0	
9	26	5	18	0	
9	27	5	17	0	
7	24	5	18	0	
9	24	5	17	0	
10	27	5	20	0	
8	26	4	20	0	
12	23	5	20	0	
11	22	7	21	0	
11	22	8	19	0	
10	22	8	20	0	
9	22	9	20	0	
10	22	10	18	0	
10	26	9	18	0	
10	27	7	17	0	
11	26	4	20	0	
12	28	4	20	0	
11	26	4	21	0	
13	21	3	26	0	
10	21	3	25	0	
9	20	4	23	0	
10	18	5	22	0	
9	19	6	23	0	
9	20	5	24	0	
9	23	5	24	0	
8	27	5	26	0	
7	25	5	25	0	
6	25	5	25	0	
8	27	5	26	0	
10	27	5	26	0	
11	25	4	22	0	
12	19	5	24	0	
11	19	5	28	0	
10	23	5	28	0	
11	25	5	27	0	
11	26	5	28	0	
10	24	6	30	0	
12	21	7	32	0	
11	24	5	31	0	
13	24	5	32	0	
12	23	5	37	0	
13	21	6	38	0	
12	23	8	37	0	
11	24	8	35	0	
12	27	8	33	0	
13	30	8	34	0	
14	27	8	34	0	
16	29	7	36	0	
15	27	7	31	0	
16	27	7	33	0	
15	26	6	31	0	
15	21	6	31	0	
14	21	8	32	0	
13	22	7	31	0	
14	20	8	32	0	
17	22	9	29	0	
19	21	8	27	0	
20	23	11	24	0	
21	23	10	24	0	
22	22	8	25	0	
26	21	7	28	0	
23	19	7	23	0	
26	19	8	27	0	
27	21	8	26	0	
25	22	7	23	0	
26	19	6	25	0	
24	20	7	22	0	
27	19	7	19	0	
26	19	6	18	0	
25	18	6	16	0	
23	19	4	16	0	
18	19	4	13	0	
18	17	6	15	0	
22	18	5	16	0	
21	20	4	15	0	
15	19	4	14	0	
17	23	5	14	0	
18	20	6	12	0	
18	19	4	12	0	
20	16	4	14	0	
18	16	4	15	0	
19	13	7	15	0	
19	16	8	17	0	
19	18	8	17	0	
19	18	8	16	0	
18	18	11	16	0	
18	22	11	16	0	
15	20	12	16	0	
14	22	12	19	0	
9	23	11	17	0	
10	23	12	16	0	
12	20	13	16	0	
15	20	16	19	0	
12	21	13	16	0	
9	17	17	17	0	
7	21	14	18	0	
7	23	14	20	0	
8	23	15	18	0	
9	21	16	16	0	
11	22	16	19	0	
10	24	18	16	0	
11	25	20	15	0	
11	27	19	17	0	
13	25	19	15	0	
13	24	20	15	0	
15	23	20	16	0	
15	19	20	14	0	
14	17	20	15	0	
11	16	23	15	0	
11	16	25	14	0	
13	16	25	15	0	
14	16	25	14	0	
12	16	24	14	0	
12	16	24	13	0	
12	15	24	14	0	
13	17	25	12	0	
14	16	22	16	0	
14	16	22	14	0	
15	18	26	16	0	
16	18	26	15	0	
14	19	26	16	0	
14	18	27	13	0	
14	19	26	12	0	
14	21	26	11	0	
12	20	30	12	0	
