1	0	0	0	0	
1	0	1	0	0	
1	0	1	1	0	
1	0	1	2	0	
2	0	1	2	0	
2	0	2	2	0	
2	0	1	3	0	
2	0	1	4	0	
3	0	1	5	0	
4	0	2	8	0	
4	0	2	9	0	
4	2	1	10	0	
5	2	2	9	0	
6	2	2	10	0	
7	2	2	12	0	
6	3	2	13	0	
7	4	4	14	0	
7	5	4	14	0	
7	6	4	14	0	
9	6	4	11	0	
8	5	3	9	0	
9	6	3	10	0	
8	6	5	10	0	
11	5	5	9	0	
12	5	5	12	0	
10	6	6	15	0	
11	6	6	16	0	
12	6	6	17	0	
14	6	5	15	0	
14	7	4	14	0	
14	6	4	14	0	
15	8	5	11	0	
14	8	5	9	0	
17	7	5	8	0	
17	7	5	8	0	
21	6	5	8	0	
20	6	6	7	0	
23	6	6	7	1	
22	6	8	6	0	
23	6	10	5	0	
24	5	6	7	1	
18	5	6	8	0	
17	5	6	7	0	
18	6	7	6	0	
15	8	6	5	0	
17	7	8	6	0	
19	8	8	8	0	
22	9	9	7	0	
23	9	10	8	0	
23	10	8	8	0	
21	7	8	7	0	
22	6	8	9	0	
24	4	11	9	0	
25	5	10	9	0	
26	6	10	9	1	
27	6	9	7	1	
29	7	8	9	1	
29	6	8	10	1	
32	6	9	11	1	
28	5	9	10	1	
29	5	10	10	1	
25	4	11	13	0	
28	5	12	14	0	
32	3	13	14	1	
31	3	14	13	0	
30	2	13	13	1	
32	3	12	12	1	
34	3	16	11	0	
33	2	16	12	0	
35	3	13	11	1	
34	3	13	11	1	
33	5	10	12	1	
33	5	10	12	1	
32	5	13	13	1	
36	5	14	12	1	
35	7	13	10	1	
34	6	13	10	1	
35	7	14	10	1	
29	7	14	11	0	
29	9	17	10	0	
31	11	19	11	0	
30	12	17	11	0	
32	12	20	11	0	
34	10	20	11	0	
33	14	17	12	0	
31	14	18	12	0	
31	14	17	12	0	
30	14	16	11	0	
32	14	16	10	0	
33	16	16	10	0	
26	17	16	13	0	
28	19	15	11	0	
27	20	14	10	0	
27	22	15	12	0	
28	19	16	13	0	
25	19	15	13	0	
21	16	13	12	0	
16	16	15	12	0	
17	16	13	13	0	
16	23	13	15	0	
16	20	12	14	0	
14	17	15	13	0	
14	16	18	15	0	
13	16	18	15	0	
14	15	18	14	0	
12	16	19	13	0	
9	15	25	16	0	
8	12	25	18	0	
9	12	26	18	0	
13	10	24	17	0	
16	9	25	18	0	
15	10	29	15	0	
15	11	33	17	0	
16	10	33	16	0	
15	10	30	15	0	
16	9	29	13	0	
15	10	28	16	0	
15	11	30	15	0	
15	11	32	15	0	
18	11	28	15	0	
20	11	30	15	0	
18	13	27	14	0	
18	12	24	18	0	
18	10	25	24	0	
20	10	22	23	0	
21	9	23	22	0	
18	10	25	22	0	
16	11	25	23	0	
17	10	23	26	0	
19	9	24	28	0	
18	11	22	26	0	
21	9	21	27	0	
24	9	22	27	0	
23	9	20	27	0	
25	9	17	20	0	
24	9	17	18	0	
24	8	15	19	0	
23	8	12	21	0	
26	8	11	19	0	
23	7	11	17	0	
23	7	11	17	0	
24	8	11	18	0	
25	9	13	19	0	
27	7	16	21	0	
25	5	20	19	0	
28	6	18	21	0	
26	6	16	21	0	
26	5	16	19	0	
31	6	18	17	0	
33	7	17	17	0	
39	8	18	18	1	
38	9	16	17	1	
39	9	15	19	1	
39	9	13	17	1	
38	10	14	14	1	
37	11	13	14	1	
39	10	15	14	1	
37	8	14	13	1	
35	7	15	12	1	
36	6	13	12	1	
31	5	10	12	1	
34	4	10	13	1	
35	5	11	12	1	
37	5	10	11	1	
38	5	10	12	1	
35	5	12	11	1	
32	3	16	10	0	
33	3	16	9	0	
35	3	15	11	1	
36	3	15	10	1	
38	3	15	11	1	
41	3	16	12	1	
45	3	14	11	1	
43	4	15	11	1	
38	4	13	13	1	
36	4	13	11	1	
37	4	12	11	1	
38	4	12	13	1	
39	4	11	16	1	
38	4	13	16	1	
37	5	13	15	1	
33	7	13	12	1	
37	5	13	15	1	
38	7	15	16	1	
36	6	15	17	1	
35	6	19	19	0	
35	7	17	21	0	
32	7	15	22	0	
31	5	17	20	0	
34	5	17	19	0	
36	5	18	17	0	
36	5	15	17	1	
34	5	14	18	0	
36	6	14	18	0	
35	4	14	18	0	
34	4	14	17	0	
40	5	14	18	1	
35	4	15	14	1	
31	5	17	14	0	
33	6	20	12	0	
35	7	20	13	0	
34	6	20	13	0	
32	6	19	14	0	
31	5	18	17	0	
32	5	19	18	0	
36	6	21	14	0	
31	6	18	13	0	
32	6	19	13	0	
32	9	18	13	0	
33	8	17	14	0	
31	8	15	12	0	
33	9	15	10	1	
32	10	17	10	0	
30	9	15	12	0	
32	9	15	12	0	
31	9	14	12	0	
30	10	15	13	0	
33	12	13	12	1	
32	13	13	13	1	
31	13	11	13	1	
32	9	9	12	1	
39	8	8	15	1	
41	9	7	15	1	
37	7	8	14	1	
34	3	7	15	1	
33	2	8	12	1	
34	3	8	13	1	
38	4	7	13	1	
36	5	8	11	1	
34	3	8	9	1	
34	3	7	8	1	
37	3	8	7	1	
35	3	9	10	1	
34	3	9	12	1	
36	5	8	12	1	
38	5	9	9	1	
34	5	10	9	1	
36	5	10	9	1	
32	5	11	10	1	
36	5	11	11	1	
37	5	11	11	1	
36	4	14	12	1	
39	4	15	14	1	
39	3	15	14	1	
37	2	15	16	1	
36	2	16	17	1	
36	1	16	17	1	
35	1	15	18	0	
39	1	16	17	1	
38	2	15	17	1	
37	3	17	22	0	
39	3	17	20	0	
42	3	17	23	0	
43	2	16	25	0	
41	3	17	26	0	
37	3	17	25	0	
34	3	16	26	0	
32	3	16	27	0	
34	3	17	25	0	
35	2	15	25	0	
33	2	15	26	0	
34	3	16	24	0	
32	4	16	22	0	
30	3	15	21	0	
31	4	15	21	0	
32	4	14	22	0	
36	4	13	21	0	
37	3	12	23	0	
41	3	16	24	0	
35	3	15	20	0	
38	3	12	21	0	
36	4	12	19	0	
35	5	10	22	0	
35	4	9	24	0	
35	3	9	22	0	
39	4	9	19	1	
39	5	11	20	0	
32	6	10	18	0	
33	5	9	19	0	
30	6	8	19	0	
33	6	8	21	0	
29	6	8	15	0	
29	4	7	14	0	
28	4	8	13	0	
30	4	7	14	0	
34	4	8	14	1	
36	6	8	12	1	
37	8	9	12	1	
36	6	10	14	1	
39	8	11	16	1	
37	8	9	14	1	
34	7	10	16	0	
31	6	10	17	0	
32	6	10	17	0	
33	8	11	19	0	
31	10	12	19	0	
33	8	11	19	0	
32	7	15	18	0	
31	6	15	17	0	
28	6	14	19	0	
25	6	17	21	0	
22	6	17	21	0	
22	5	19	19	0	
23	7	18	17	0	
25	8	19	19	0	
25	10	13	20	0	
26	10	12	19	0	
25	10	14	22	0	
26	11	13	21	0	
26	12	12	19	0	
25	15	14	17	0	
26	14	15	18	0	
29	13	12	18	0	
28	11	12	19	0	
27	10	12	21	0	
28	8	11	24	0	
27	7	12	25	0	
27	8	13	22	0	
28	6	14	21	0	
31	5	13	20	0	
33	6	13	17	0	
34	7	10	14	1	
37	7	10	13	1	
36	7	10	15	1	
30	7	14	15	0	
32	8	15	15	0	
33	8	17	11	0	
32	10	16	10	0	
28	11	17	10	0	
30	10	18	11	0	
31	8	15	13	0	
31	7	14	15	0	
30	7	15	15	0	
27	6	16	15	0	
27	8	14	16	0	
29	6	16	17	0	
29	6	21	18	0	
31	7	21	19	0	
32	6	22	15	0	
28	7	20	16	0	
28	7	21	11	0	
25	6	23	12	0	
24	6	23	11	0	
28	7	23	8	0	
31	8	23	7	0	
33	7	23	7	0	
30	7	21	7	0	
30	7	21	6	0	
30	9	18	7	0	
28	9	20	7	0	
26	9	22	6	0	
27	7	20	7	0	
27	9	20	6	0	
26	11	19	6	0	
26	11	19	7	0	
25	11	19	7	0	
25	11	22	7	0	
24	11	23	7	0	
26	9	19	7	0	
29	8	14	8	0	
32	9	14	6	1	
34	9	15	6	1	
36	11	14	7	1	
39	10	15	8	1	
35	9	15	9	1	
34	11	15	9	1	
34	11	13	9	1	
30	11	13	9	1	
31	11	13	10	1	
30	9	16	12	0	
33	9	18	10	0	
33	9	15	10	1	
27	6	18	11	0	
25	7	20	13	0	
25	7	21	16	0	
24	8	21	13	0	
21	8	24	13	0	
21	7	23	12	0	
20	6	26	10	0	
16	4	23	10	0	
16	6	25	11	0	
18	6	25	13	0	
15	6	26	11	0	
13	7	27	15	0	
12	7	25	15	0	
11	9	25	16	0	
10	10	25	17	0	
10	10	25	17	0	
10	10	21	17	0	
12	12	26	16	0	
12	12	25	19	0	
13	12	26	19	0	
13	13	25	16	0	
13	15	23	17	0	
14	13	22	18	0	
12	12	19	18	0	
15	14	18	13	0	
15	15	17	14	0	
15	16	18	13	0	
15	13	15	14	0	
17	13	17	15	0	
18	11	15	17	0	
18	9	14	19	0	
16	10	15	18	0	
14	10	15	20	0	
17	8	16	19	0	
16	7	17	19	0	
15	6	21	22	0	
17	6	21	21	0	
17	5	23	22	0	
17	5	25	20	0	
15	5	24	24	0	
14	6	24	26	0	
15	7	26	24	0	
16	6	22	22	0	
16	7	22	24	0	
16	8	22	24	0	
18	8	23	20	0	
19	8	24	22	0	
20	7	23	24	0	
19	7	24	24	0	
21	5	22	25	0	
21	6	22	21	0	
22	7	21	23	0	
21	7	22	28	0	
18	6	21	30	0	
18	5	23	27	0	
16	5	20	27	0	
15	5	22	24	0	
16	7	25	25	0	
12	9	26	28	0	
11	9	26	28	0	
13	10	23	28	0	
13	9	20	30	0	
16	9	21	32	0	
16	8	18	35	0	
16	8	19	36	0	
16	7	17	31	0	
18	7	16	30	0	
17	6	15	30	0	
18	7	14	29	0	
18	6	16	31	0	
19	6	17	33	0	
21	6	17	34	0	
21	6	17	32	0	
20	6	20	29	0	
20	7	23	28	0	
20	6	20	29	0	
17	7	22	27	0	
18	7	18	27	0	
17	7	17	27	0	
17	7	14	29	0	
19	7	16	31	0	
23	8	15	31	0	
22	8	14	33	0	
22	8	15	29	0	
21	8	16	26	0	
21	7	17	27	0	
22	7	16	26	0	
24	8	15	28	0	
22	10	16	28	0	
20	9	16	30	0	
18	8	15	31	0	
19	9	16	35	0	
17	12	14	35	0	
17	11	15	31	0	
17	10	17	38	4	
17	10	12	37	4	
18	10	15	38	4	
15	9	14	38	4	
15	10	11	37	4	
16	10	12	35	4	
16	11	11	33	0	
15	12	12	33	4	
18	13	10	30	0	
19	15	8	29	0	
19	18	8	29	0	
17	19	8	30	0	
16	20	7	30	0	
15	20	7	33	0	
13	22	7	33	0	
13	23	7	35	0	
14	22	6	37	0	
14	22	7	35	0	
13	23	8	36	0	
14	23	9	36	0	
15	22	8	36	0	
15	20	9	35	0	
12	22	8	35	0	
12	22	8	33	0	
13	20	7	29	0	
15	20	6	29	0	
15	21	8	30	0	
15	20	6	32	0	
15	21	6	33	0	
12	24	8	32	0	
13	21	7	33	0	
14	22	8	32	0	
14	22	8	31	0	
14	24	8	28	0	
14	26	11	31	0	
15	25	14	28	0	
14	21	14	26	0	
15	22	14	23	0	
15	22	14	28	0	
16	22	14	28	0	
16	24	14	30	0	
15	24	15	26	0	
13	24	15	26	0	
12	22	12	24	0	
12	22	12	24	0	
12	22	13	22	0	
13	23	14	25	0	
13	23	12	24	0	
13	22	14	22	0	
12	21	16	20	0	
11	22	13	18	0	
12	24	16	19	0	
12	23	13	21	0	
14	19	13	23	0	
12	20	13	26	0	
12	19	13	27	0	
12	20	13	31	0	
12	19	13	27	0	
12	18	12	31	0	
13	15	10	34	4	
15	13	11	34	4	
15	14	10	30	0	
16	14	8	28	0	
14	14	11	22	0	
14	14	8	23	0	
12	16	8	21	0	
15	17	8	22	0	
14	18	9	21	0	
14	16	10	22	0	
15	16	10	20	0	
15	17	11	16	0	
15	17	10	19	0	
14	17	10	22	0	
10	13	9	20	0	
10	15	7	22	0	
12	16	7	23	0	
11	14	9	26	0	
9	13	10	28	0	
8	12	11	29	4	
8	11	11	28	4	
10	15	12	25	0	
10	17	12	26	0	
10	17	12	30	0	
11	17	14	27	0	
12	13	12	27	0	
11	13	14	25	0	
13	13	13	22	0	
11	10	15	22	0	
13	13	16	22	0	
13	14	15	22	0	
10	14	14	26	0	
9	11	15	26	0	
9	11	13	29	0	
11	11	17	26	0	
10	11	18	26	0	
11	11	19	27	0	
11	13	19	29	0	
10	14	19	30	0	
9	13	19	29	0	
8	14	23	30	0	
10	15	21	32	0	
9	14	22	26	0	
9	11	23	21	0	
9	11	24	20	0	
11	13	24	19	0	
13	11	28	19	0	
15	12	28	21	0	
16	15	27	23	0	
12	17	28	23	0	
13	15	26	21	0	
14	16	20	24	0	
13	17	20	27	0	
14	17	21	26	0	
12	18	19	26	0	
13	17	19	28	0	
16	18	20	27	0	
17	20	20	27	0	
16	18	21	26	0	
18	16	21	24	0	
16	17	21	21	0	
14	16	19	21	0	
15	18	19	22	0	
15	17	19	24	0	
19	13	17	22	0	
17	15	15	20	0	
20	16	15	20	0	
16	17	18	21	0	
17	16	16	23	0	
17	15	17	23	0	
17	17	16	24	0	
16	22	16	25	0	
16	19	12	22	0	
15	19	14	23	0	
13	20	10	18	0	
13	17	11	12	0	
12	20	15	13	0	
11	21	14	13	0	
12	22	14	13	0	
10	23	13	14	0	
8	24	12	18	0	
8	27	11	14	0	
9	24	12	16	0	
9	24	14	15	0	
12	22	14	15	0	
9	23	15	14	0	
8	23	16	15	0	
8	20	17	13	0	
10	22	14	13	0	
9	18	14	15	0	
7	21	15	17	0	
7	20	14	15	0	
9	19	13	17	0	
8	20	13	18	0	
8	20	10	14	0	
8	20	12	15	0	
10	20	11	16	0	
12	22	11	15	0	
14	18	8	14	0	
14	18	9	15	0	
12	16	10	18	0	
12	14	11	13	0	
13	14	11	15	0	
11	17	12	17	0	
11	17	14	15	0	
10	13	16	11	0	
13	11	19	12	0	
12	10	18	11	0	
12	11	21	11	0	
14	12	20	10	0	
14	15	21	9	0	
16	15	22	7	0	
15	18	21	7	0	
15	15	19	6	0	
13	15	20	6	0	
10	13	18	9	0	
8	11	17	10	0	
9	11	20	10	0	
11	12	25	9	0	
10	13	24	10	0	
10	15	24	10	0	
11	17	25	11	0	
8	17	23	12	0	
10	16	22	13	0	
9	18	26	11	0	
11	18	26	14	0	
12	20	27	14	0	
13	18	27	13	0	
15	21	25	13	0	
13	22	25	13	0	
13	23	25	12	0	
13	24	22	13	0	
12	22	23	13	0	
13	24	19	12	0	
14	22	19	13	0	
14	24	18	13	0	
14	23	18	13	0	
13	22	16	14	0	
13	25	20	13	0	
11	24	22	14	0	
11	23	21	13	0	
11	21	22	14	0	
11	23	20	13	0	
12	23	19	15	0	
13	23	20	13	0	
14	20	22	16	0	
13	17	23	20	0	
10	21	23	17	0	
12	22	22	18	0	
12	23	25	18	0	
11	22	21	19	0	
11	20	18	21	0	
9	22	21	22	0	
9	22	22	20	0	
7	22	19	20	0	
7	25	22	18	0	
6	29	22	18	0	
6	29	22	18	0	
5	29	22	18	0	
5	29	21	17	0	
3	28	19	18	0	
4	28	20	17	0	
4	31	19	17	0	
4	35	23	16	0	
4	34	20	13	0	
4	35	18	11	0	
5	38	20	11	0	
6	37	18	10	0	
6	36	18	9	0	
6	33	19	10	0	
6	31	20	9	0	
6	32	18	9	0	
8	31	18	8	0	
8	33	17	8	0	
6	32	13	7	2	
8	29	14	7	0	
8	31	15	7	0	
9	36	11	7	2	
8	32	14	9	2	
9	36	15	8	2	
8	39	15	7	2	
8	35	12	8	2	
10	32	14	8	2	
10	29	15	7	0	
8	28	17	8	0	
8	27	18	9	0	
9	24	17	9	0	
8	29	18	10	0	
10	28	14	10	0	
10	31	15	10	0	
8	29	12	9	2	
8	27	12	10	0	
7	30	15	7	0	
8	28	13	8	0	
9	29	12	8	2	
11	28	13	7	0	
11	28	13	7	0	
11	27	12	8	0	
9	28	12	10	0	
9	27	12	11	0	
11	28	14	10	0	
10	28	14	13	0	
9	26	13	15	0	
8	23	11	19	0	
8	21	10	19	0	
7	22	14	16	0	
8	22	14	17	0	
9	22	13	18	0	
8	23	13	17	0	
6	22	13	19	0	
6	26	15	21	0	
6	27	14	22	0	
5	27	14	24	0	
5	25	15	26	0	
6	23	13	28	0	
6	24	13	29	0	
5	27	13	31	0	
4	25	11	29	0	
6	26	14	27	0	
6	28	14	28	0	
4	33	15	27	0	
3	32	15	28	0	
4	30	16	25	0	
4	30	16	22	0	
6	31	14	22	0	
6	32	14	22	0	
6	31	16	20	0	
4	26	15	19	0	
4	23	13	21	0	
4	21	13	23	0	
5	21	13	22	0	
7	19	13	20	0	
6	20	12	23	0	
5	20	13	23	0	
7	20	16	23	0	
7	18	16	22	0	
7	17	20	24	0	
7	20	23	24	0	
7	19	25	23	0	
7	20	24	22	0	
8	19	24	21	0	
9	22	23	22	0	
10	25	19	24	0	
10	23	19	25	0	
12	23	18	21	0	
13	24	19	19	0	
12	19	18	17	0	
12	20	18	13	0	
12	18	21	13	0	
9	13	19	14	0	
8	13	21	15	0	
10	13	23	15	0	
9	15	23	16	0	
9	17	26	20	0	
9	18	26	23	0	
9	19	25	24	0	
11	19	25	23	0	
11	17	26	25	0	
12	17	26	26	0	
13	17	25	24	0	
15	19	26	23	0	
13	20	28	23	0	
12	17	24	18	0	
13	16	25	17	0	
13	16	26	16	0	
14	15	26	17	0	
13	12	24	17	0	
11	13	24	16	0	
11	12	25	17	0	
14	12	21	18	0	
11	11	21	18	0	
12	13	20	17	0	
14	15	19	15	0	
17	16	17	14	0	
18	14	16	13	0	
15	14	13	14	0	
15	14	13	13	0	
15	12	13	15	0	
16	12	17	14	0	
15	14	14	15	0	
14	15	15	16	0	
16	17	15	16	0	
16	14	13	17	0	
17	14	11	17	0	
16	16	12	20	0	
14	15	13	19	0	
11	14	15	19	0	
10	17	14	17	0	
12	19	12	20	0	
13	21	12	20	0	
14	20	14	19	0	
16	18	16	16	0	
19	17	16	16	0	
16	18	15	17	0	
14	17	16	16	0	
13	18	17	15	0	
15	18	15	16	0	
17	17	18	18	0	
15	14	19	16	0	
14	15	20	16	0	
13	17	22	18	0	
14	16	20	17	0	
13	19	18	18	0	
13	19	18	18	0	
17	18	17	18	0	
17	20	19	19	0	
15	19	20	17	0	
15	22	19	17	0	
16	20	19	18	0	
15	20	17	19	0	
14	19	15	19	0	
13	18	16	19	0	
13	18	14	18	0	
13	15	13	17	0	
16	14	12	16	0	
17	13	13	16	0	
18	13	12	19	0	
17	13	11	20	0	
15	10	10	15	0	
17	10	10	14	0	
20	12	11	14	0	
23	11	10	14	0	
22	13	10	14	0	
21	12	8	13	0	
19	14	7	14	0	
19	15	6	16	0	
22	15	7	17	0	
18	15	6	17	0	
19	15	8	17	0	
18	16	7	18	0	
19	17	8	18	0	
20	18	9	21	0	
21	19	9	17	0	
24	22	8	17	0	
25	21	7	18	0	
24	22	8	21	0	
24	20	5	26	0	
19	14	5	28	0	
20	13	4	32	0	
19	11	4	34	0	
21	12	4	37	0	
18	12	3	36	0	
18	14	4	36	0	
16	13	4	40	4	
18	10	5	41	4	
18	10	3	42	4	
16	10	3	47	4	
17	10	5	47	4	
15	11	2	37	4	
15	13	3	36	4	
15	14	2	37	4	
17	13	3	37	4	
17	11	4	37	4	
16	10	3	35	4	
19	10	3	34	0	
17	10	5	37	4	
15	10	3	38	4	
14	8	3	44	4	
14	10	4	47	4	
12	8	4	48	4	
12	9	5	48	4	
11	9	6	46	4	
13	10	7	46	4	
12	10	8	46	4	
11	9	8	45	4	
10	10	7	44	4	
13	10	6	41	4	
12	12	5	40	4	
13	12	5	40	4	
12	14	4	37	4	
13	10	6	39	4	
14	10	6	39	4	
14	9	6	36	4	
14	5	6	36	4	
13	5	8	35	4	
17	5	10	32	0	
19	7	8	35	0	
21	6	9	35	0	
17	8	7	33	0	
19	9	7	36	0	
19	9	7	38	0	
19	10	7	40	4	
19	9	7	41	4	
16	9	7	37	4	
18	11	8	36	0	
17	12	8	34	0	
17	11	8	36	4	
15	11	7	39	4	
17	12	8	39	4	
15	11	10	35	4	
15	11	10	39	4	
16	13	8	38	4	
14	11	7	42	4	
13	10	7	42	4	
11	11	7	39	4	
12	9	7	38	4	
11	9	8	38	4	
9	8	10	37	4	
10	8	10	36	4	
10	8	11	37	4	
11	10	12	40	4	
9	11	13	44	4	
7	9	14	41	4	
7	9	16	45	4	
7	7	12	39	4	
6	7	13	39	4	
9	7	14	41	4	
8	7	16	42	4	
9	8	14	41	4	
9	10	15	41	4	
9	10	13	39	4	
8	9	14	43	4	
8	8	14	38	4	
8	8	12	41	4	
6	6	14	38	4	
7	8	14	39	4	
7	9	13	36	4	
9	7	12	35	4	
8	9	11	35	4	
9	9	11	35	4	
10	9	10	31	4	
10	7	12	32	4	
8	11	13	36	4	
5	10	14	36	4	
4	11	16	35	4	
5	11	18	32	0	
5	11	18	33	0	
6	13	15	30	0	
8	16	15	31	0	
5	18	14	29	0	
6	18	15	30	0	
6	22	13	26	0	
6	25	14	29	0	
4	28	16	27	0	
4	28	16	29	0	
4	25	15	27	0	
4	25	15	26	0	
4	26	16	24	0	
4	26	15	26	0	
4	25	18	25	0	
4	25	21	27	0	
3	25	18	26	0	
2	25	20	22	0	
2	23	19	24	0	
1	24	21	26	0	
1	25	17	26	0	
1	23	18	26	0	
2	25	19	20	0	
2	24	17	20	0	
3	23	15	18	0	
4	23	13	22	0	
5	26	13	21	0	
5	23	12	19	0	
5	28	12	20	0	
6	26	11	24	0	
5	31	12	23	0	
3	32	12	27	0	
5	32	12	30	0	
5	33	13	30	0	
5	31	11	29	0	
5	31	12	28	0	
5	32	15	28	0	
5	30	16	29	0	
5	35	16	29	0	
4	32	15	28	0	
5	31	15	30	0	
5	33	15	33	0	
5	33	12	30	0	
5	31	10	25	0	
6	34	12	26	0	
7	33	10	26	0	
5	25	10	24	0	
5	25	11	24	0	
4	24	9	25	0	
5	26	10	25	0	
