0	1	0	0	0	
0	1	0	0	0	
1	1	0	0	0	
1	3	0	0	0	
1	3	1	0	0	
2	2	1	0	0	
3	1	2	0	0	
3	2	1	0	0	
5	1	1	0	0	
6	1	2	1	0	
9	1	1	1	0	
8	2	1	1	0	
7	2	2	2	0	
8	3	2	1	0	
10	3	1	1	0	
11	3	2	1	0	
11	4	3	1	0	
12	5	2	1	0	
10	6	2	1	0	
9	6	3	1	0	
8	7	4	1	0	
11	7	6	1	0	
12	6	7	1	0	
13	5	7	2	0	
14	5	8	2	0	
13	6	9	2	0	
13	8	12	2	0	
16	9	14	2	0	
14	8	14	2	0	
15	10	12	3	0	
14	9	10	5	0	
16	10	13	5	0	
16	11	15	5	0	
18	11	15	4	0	
20	10	14	5	0	
22	11	14	6	0	
23	13	13	5	0	
22	13	13	5	0	
26	14	11	4	0	
25	15	11	4	0	
26	12	9	4	0	
23	10	10	5	0	
22	11	8	4	0	
22	11	9	5	0	
23	9	10	4	0	
21	10	12	4	0	
20	9	11	6	0	
17	9	15	7	0	
20	11	17	7	0	
20	9	14	8	0	
20	11	14	7	0	
20	9	17	6	0	
24	10	16	7	0	
27	8	14	7	0	
30	11	17	7	0	
32	11	14	7	1	
32	10	15	10	0	
32	13	18	10	0	
29	13	20	10	0	
31	14	21	10	0	
29	14	23	9	0	
23	13	25	8	0	
22	14	30	10	0	
22	16	33	10	0	
23	19	33	12	0	
21	20	28	11	0	
20	18	26	12	0	
21	17	26	10	0	
20	19	25	10	0	
17	17	22	12	0	
18	18	20	14	0	
20	16	18	14	0	
18	17	18	13	0	
17	17	17	16	0	
16	16	21	16	0	
13	16	18	14	0	
12	15	24	15	0	
12	15	27	14	0	
13	12	26	13	0	
16	12	28	16	0	
16	12	30	14	0	
16	12	32	17	0	
15	13	33	18	0	
14	12	33	16	0	
14	12	34	15	3	
14	13	30	15	0	
16	15	28	16	0	
15	16	30	17	0	
15	14	28	17	0	
13	14	28	18	0	
13	14	26	21	0	
11	18	26	20	0	
11	16	26	21	0	
11	18	28	16	0	
11	19	26	16	0	
12	19	21	15	0	
13	19	20	13	0	
15	22	22	15	0	
15	22	24	13	0	
13	22	23	14	0	
12	23	23	15	0	
11	21	24	15	0	
10	22	23	16	0	
11	23	19	14	0	
10	22	19	16	0	
9	25	19	13	0	
10	24	17	14	0	
11	25	18	15	0	
9	23	16	17	0	
9	21	18	16	0	
8	23	19	19	0	
7	22	15	17	0	
9	20	18	18	0	
10	19	19	15	0	
11	21	18	15	0	
12	22	19	13	0	
12	23	18	14	0	
15	20	16	14	0	
11	22	17	15	0	
12	22	17	14	0	
12	23	18	13	0	
12	22	18	14	0	
13	23	18	13	0	
15	25	17	14	0	
14	21	19	15	0	
14	20	19	15	0	
15	19	19	15	0	
14	22	17	14	0	
16	21	22	15	0	
15	17	22	18	0	
13	18	16	18	0	
10	19	14	16	0	
9	20	15	15	0	
10	20	13	12	0	
10	21	16	10	0	
9	25	15	10	0	
12	22	17	11	0	
13	24	16	11	0	
16	24	15	11	0	
13	23	14	10	0	
14	25	15	10	0	
17	24	13	10	0	
17	23	11	11	0	
15	20	9	10	0	
17	19	9	10	0	
17	20	12	10	0	
19	19	14	10	0	
17	20	15	15	0	
17	22	16	17	0	
15	20	17	19	0	
14	22	19	17	0	
14	23	12	15	0	
14	22	12	15	0	
17	25	12	15	0	
15	25	12	14	0	
12	26	14	14	0	
12	28	11	13	0	
12	28	9	11	0	
11	29	8	10	2	
14	29	7	10	0	
14	29	8	10	0	
13	28	8	11	0	
13	27	9	10	0	
14	26	4	11	0	
17	29	6	12	0	
19	28	8	8	0	
17	23	8	8	0	
21	21	8	7	0	
21	23	6	7	0	
19	22	5	8	0	
19	22	3	8	0	
19	20	3	7	0	
18	17	4	7	0	
20	18	6	6	0	
20	21	6	7	0	
23	22	7	6	0	
24	20	6	6	0	
23	20	6	7	0	
21	22	6	6	0	
28	22	6	6	0	
27	23	5	7	0	
31	23	5	9	0	
31	25	5	8	0	
31	24	6	9	0	
30	24	8	10	0	
31	24	8	11	0	
31	24	7	9	0	
35	25	9	10	0	
29	25	10	11	0	
28	25	9	11	0	
29	27	7	13	0	
30	26	5	14	0	
32	23	5	15	0	
30	23	5	16	0	
33	20	5	17	0	
33	21	6	16	0	
34	20	4	15	0	
37	22	4	13	0	
37	21	3	14	0	
36	23	3	15	0	
37	23	3	16	0	
32	23	3	17	0	
30	25	4	16	0	
30	23	4	14	0	
29	22	4	15	0	
29	23	3	11	0	
26	22	4	12	0	
27	20	5	13	0	
25	21	7	14	0	
26	22	9	15	0	
25	23	10	15	0	
26	18	11	13	0	
26	15	10	14	0	
26	15	10	14	0	
24	15	11	14	0	
23	14	11	14	0	
20	17	7	13	0	
18	17	5	14	0	
15	19	5	12	0	
16	19	6	12	0	
15	16	7	12	0	
15	19	5	15	0	
17	19	3	14	0	
17	25	3	15	0	
15	24	3	17	0	
14	26	4	19	0	
14	27	3	20	0	
14	27	4	18	0	
14	24	3	18	0	
16	25	2	19	0	
17	29	2	17	0	
20	28	3	19	0	
19	28	3	18	0	
18	30	4	18	0	
20	28	5	19	0	
19	28	5	20	0	
17	25	5	18	0	
16	26	5	16	0	
14	23	6	17	0	
16	23	7	15	0	
16	23	6	13	0	
18	23	6	14	0	
15	26	6	16	0	
15	25	6	14	0	
16	23	6	13	0	
14	24	7	14	0	
13	24	7	15	0	
11	20	7	17	0	
10	21	7	16	0	
11	19	8	14	0	
11	22	8	12	0	
12	20	8	14	0	
13	19	8	15	0	
14	24	7	17	0	
16	28	6	17	0	
13	31	6	18	0	
12	32	6	14	2	
12	28	9	15	0	
10	27	7	19	0	
11	29	6	18	0	
12	30	7	19	0	
14	32	8	18	0	
14	29	10	18	0	
14	26	9	19	0	
15	26	8	19	0	
14	28	8	19	0	
13	26	9	22	0	
15	24	9	20	0	
18	20	9	19	0	
18	20	8	17	0	
19	20	8	17	0	
20	22	9	18	0	
21	24	8	16	0	
20	26	7	19	0	
21	22	7	22	0	
21	19	7	22	0	
25	16	6	22	0	
25	15	6	23	0	
27	13	6	23	0	
27	12	5	21	0	
25	13	4	20	0	
24	15	4	19	0	
22	13	4	19	0	
24	16	6	21	0	
23	15	8	17	0	
22	15	8	16	0	
20	17	9	17	0	
19	18	10	16	0	
19	17	13	19	0	
19	21	12	20	0	
19	23	14	22	0	
17	28	14	21	0	
17	26	14	24	0	
17	23	15	22	0	
16	23	14	22	0	
16	24	14	23	0	
16	20	12	21	0	
13	21	15	21	0	
14	22	17	19	0	
13	23	16	16	0	
13	22	20	17	0	
11	25	20	16	0	
11	23	19	18	0	
13	26	20	19	0	
14	25	22	21	0	
17	23	22	20	0	
16	23	21	21	0	
15	26	22	23	0	
15	25	18	22	0	
17	24	16	22	0	
15	24	18	20	0	
15	22	18	21	0	
14	20	19	19	0	
12	21	20	17	0	
13	22	17	17	0	
12	25	19	18	0	
14	26	20	17	0	
13	18	22	18	0	
13	15	25	21	0	
15	17	23	19	0	
14	19	23	18	0	
13	17	23	18	0	
14	16	21	17	0	
13	15	17	19	0	
13	15	18	17	0	
15	15	20	18	0	
10	16	18	19	0	
11	14	17	19	0	
11	15	18	14	0	
11	16	19	13	0	
11	14	23	12	0	
11	17	19	11	0	
12	17	22	11	0	
14	20	23	11	0	
14	21	22	11	0	
15	19	21	11	0	
18	19	20	11	0	
21	18	19	11	0	
23	21	17	10	0	
26	21	19	7	0	
24	21	18	8	0	
24	19	20	10	0	
22	19	19	13	0	
26	16	19	13	0	
25	17	17	12	0	
25	19	14	13	0	
26	17	12	13	0	
23	15	15	14	0	
23	14	14	14	0	
21	14	15	14	0	
22	15	17	15	0	
23	14	17	14	0	
22	15	17	15	0	
24	14	17	16	0	
25	14	17	16	0	
25	14	16	17	0	
22	18	16	15	0	
24	18	16	19	0	
23	19	15	17	0	
21	18	17	19	0	
22	16	18	19	0	
22	17	17	20	0	
21	15	18	21	0	
19	15	18	21	0	
21	15	16	20	0	
20	15	14	19	0	
23	17	13	21	0	
24	21	12	22	0	
20	17	11	21	0	
20	16	10	23	0	
18	11	7	20	0	
20	11	5	19	0	
21	12	5	19	0	
18	15	6	19	0	
18	16	6	18	0	
23	15	7	17	0	
26	13	7	18	0	
28	12	9	18	0	
30	11	9	19	0	
32	11	11	16	0	
33	11	11	14	1	
30	11	10	14	0	
28	10	9	11	1	
29	10	8	14	0	
28	10	10	13	0	
27	13	13	13	0	
28	15	11	12	0	
29	17	10	17	0	
29	19	10	18	0	
30	21	8	17	0	
30	19	9	15	0	
31	16	9	19	0	
30	18	9	18	0	
31	19	10	19	0	
30	17	10	22	0	
30	15	10	20	0	
30	13	8	19	0	
33	12	8	18	0	
34	14	9	19	0	
33	14	9	17	0	
32	15	10	17	0	
30	15	10	17	0	
32	11	10	19	0	
32	12	12	18	0	
34	13	12	17	0	
35	15	13	16	1	
34	15	11	14	1	
34	14	10	14	1	
33	14	10	14	1	
35	13	9	15	1	
34	12	9	15	1	
33	14	9	17	0	
33	16	9	16	0	
35	15	9	16	1	
36	16	9	14	1	
31	15	12	14	0	
28	15	10	13	0	
32	17	8	11	0	
33	19	9	12	0	
35	16	11	13	1	
32	15	12	13	0	
32	17	12	13	0	
32	14	13	14	1	
32	14	14	13	1	
34	14	11	13	1	
33	10	11	12	1	
34	11	13	11	1	
35	12	13	11	1	
35	13	12	11	1	
34	13	13	12	1	
34	12	12	13	1	
30	12	11	10	1	
33	11	10	11	1	
34	12	11	11	1	
33	13	9	13	1	
33	15	9	13	1	
33	15	9	14	1	
32	11	9	15	0	
31	12	9	15	0	
33	10	9	14	1	
31	11	9	10	1	
31	12	10	10	1	
31	13	11	10	1	
33	15	9	10	1	
34	17	8	9	0	
34	18	10	10	0	
32	21	10	10	0	
32	18	11	8	0	
28	17	11	8	0	
24	18	11	11	0	
21	19	12	12	0	
20	16	13	12	0	
19	18	15	13	0	
18	17	16	14	0	
18	17	16	13	0	
18	17	14	12	0	
20	20	13	13	0	
20	21	16	13	0	
20	22	17	10	0	
17	22	17	10	0	
20	21	15	12	0	
21	17	17	11	0	
23	16	16	14	0	
25	17	16	16	0	
23	17	15	13	0	
24	18	13	12	0	
27	19	12	13	0	
25	20	12	13	0	
27	21	13	15	0	
29	19	14	12	0	
27	19	16	12	0	
28	20	16	11	0	
30	22	15	12	0	
29	22	13	12	0	
27	23	13	8	0	
27	24	13	7	0	
29	26	15	7	0	
30	24	11	6	0	
33	27	11	7	0	
32	25	12	8	0	
26	25	12	8	0	
24	27	13	8	0	
25	32	11	9	0	
22	31	12	7	0	
20	31	12	8	0	
19	29	10	7	0	
19	28	10	6	0	
17	23	11	6	0	
17	20	7	6	0	
21	19	8	10	0	
21	21	10	10	0	
21	20	12	11	0	
22	19	11	11	0	
26	19	12	9	0	
25	24	15	10	0	
20	26	15	11	0	
23	28	14	12	0	
21	27	16	13	0	
18	28	13	12	0	
19	31	13	11	0	
19	33	14	11	0	
19	35	14	10	0	
22	35	15	8	0	
22	36	13	8	0	
23	31	12	7	0	
21	29	10	7	0	
20	29	8	7	0	
19	30	8	7	0	
19	29	5	9	0	
19	31	4	9	0	
15	30	5	8	0	
13	28	7	5	0	
14	27	8	6	0	
12	26	9	6	0	
12	31	8	5	2	
13	33	9	6	2	
13	32	8	9	2	
16	30	6	9	0	
17	30	6	11	0	
17	29	7	11	0	
14	29	8	13	0	
14	28	8	12	0	
15	25	7	11	0	
15	26	8	11	0	
17	26	7	10	0	
17	28	8	10	0	
15	28	7	11	0	
16	32	6	11	0	
17	32	7	10	0	
16	32	7	14	0	
18	33	6	14	0	
19	34	8	15	0	
20	34	8	13	0	
20	33	8	13	0	
19	34	8	11	0	
19	34	8	12	0	
20	31	9	11	0	
22	30	9	12	0	
20	30	8	12	0	
20	28	6	15	0	
17	30	7	16	0	
18	25	6	15	0	
21	23	8	15	0	
21	22	8	15	0	
22	24	7	15	0	
19	23	8	17	0	
23	23	8	16	0	
21	23	9	13	0	
21	24	9	10	0	
21	21	9	9	0	
19	22	9	10	0	
19	22	8	8	0	
18	22	8	8	0	
18	19	6	9	0	
21	22	6	9	0	
18	20	7	10	0	
16	19	7	12	0	
13	20	8	12	0	
16	17	9	11	0	
18	15	10	13	0	
19	12	10	11	0	
20	13	9	8	0	
17	13	12	8	0	
20	14	12	9	0	
21	12	11	7	0	
23	13	9	7	0	
22	13	8	9	0	
20	16	7	10	0	
16	17	6	9	0	
18	15	7	8	0	
21	17	9	5	0	
23	18	9	5	0	
23	17	6	4	0	
22	16	8	3	0	
23	13	9	4	0	
23	12	8	5	0	
25	10	8	8	0	
24	10	7	9	0	
24	8	8	10	0	
23	6	8	8	1	
27	5	9	9	1	
27	4	6	9	1	
31	3	8	9	1	
28	3	8	9	1	
33	2	9	7	1	
34	3	8	5	1	
34	4	10	7	1	
32	4	11	7	1	
30	4	9	7	1	
30	4	9	8	1	
29	4	9	10	1	
24	4	11	10	0	
24	4	12	9	0	
28	5	14	10	0	
29	7	13	10	0	
28	7	14	11	0	
28	8	14	12	0	
29	8	14	13	0	
28	8	12	12	0	
25	10	11	12	0	
24	10	8	12	0	
21	11	9	12	0	
20	11	8	14	0	
20	11	8	12	0	
21	11	8	11	0	
22	9	9	13	0	
19	13	7	11	0	
17	12	8	12	0	
12	10	6	12	0	
12	11	6	12	0	
11	15	5	13	0	
11	13	7	13	0	
12	11	7	11	0	
13	11	7	13	0	
11	11	7	16	0	
13	12	6	16	0	
12	12	6	14	0	
12	12	5	16	0	
10	12	8	15	0	
13	13	8	15	0	
12	13	9	13	0	
12	15	10	14	0	
13	12	10	14	0	
16	12	10	16	0	
15	10	12	17	0	
13	10	12	16	0	
11	9	14	13	0	
14	10	13	12	0	
14	10	15	13	0	
15	9	17	13	0	
15	7	18	16	0	
13	7	23	19	0	
15	7	24	22	0	
14	5	26	22	0	
13	5	24	26	0	
13	7	22	26	0	
13	9	25	24	0	
11	8	27	23	0	
12	8	27	27	0	
12	7	26	25	0	
12	8	25	29	0	
14	9	24	28	0	
16	8	23	29	0	
17	7	27	26	0	
16	7	25	27	0	
17	7	24	25	0	
16	6	25	24	0	
16	5	29	20	0	
15	5	30	19	0	
15	5	29	22	0	
14	7	28	21	0	
13	8	27	22	0	
13	9	30	20	0	
11	8	31	21	0	
11	9	29	23	0	
10	9	27	25	0	
12	9	25	24	0	
13	8	27	25	0	
16	9	29	23	0	
17	9	29	22	0	
16	8	32	25	0	
15	7	35	25	0	
12	7	36	23	0	
11	8	39	22	0	
10	10	40	21	0	
12	10	38	22	0	
11	11	33	23	0	
12	10	36	24	0	
10	12	33	23	0	
10	10	31	19	0	
9	10	30	18	0	
9	11	32	18	0	
11	12	32	16	0	
13	11	31	12	3	
11	11	34	9	3	
11	14	35	8	3	
12	17	33	9	0	
10	17	35	7	0	
10	17	36	5	3	
10	18	38	5	3	
12	15	39	6	3	
11	13	39	6	3	
10	16	40	6	3	
8	16	41	7	3	
11	17	40	7	3	
10	18	39	6	3	
10	20	35	6	0	
7	18	34	8	0	
6	17	38	6	3	
7	18	37	6	0	
7	17	41	6	3	
7	18	39	6	3	
7	16	39	7	3	
5	16	42	6	3	
4	16	41	7	3	
6	15	35	8	3	
6	17	40	7	3	
8	18	33	8	0	
9	16	34	8	0	
10	14	37	8	3	
10	13	41	10	3	
12	11	39	9	3	
13	12	35	7	3	
15	14	39	5	3	
15	16	40	6	3	
14	16	43	7	3	
15	17	41	8	3	
14	16	42	8	3	
16	18	39	7	3	
19	18	37	7	0	
18	17	33	8	0	
17	17	32	9	0	
16	19	35	9	0	
16	21	36	7	0	
16	19	34	10	0	
15	18	31	10	0	
17	18	31	8	0	
20	19	31	7	0	
21	22	31	7	0	
21	22	30	8	0	
23	24	32	9	0	
24	25	28	7	0	
27	24	26	7	0	
24	22	29	8	0	
24	20	26	7	0	
25	21	25	5	0	
22	21	24	4	0	
22	21	25	4	0	
25	22	28	4	0	
23	23	29	5	0	
24	20	25	6	0	
24	22	23	7	0	
24	20	20	6	0	
27	16	18	8	0	
26	14	16	7	0	
21	15	15	8	0	
20	16	16	11	0	
20	16	15	10	0	
21	16	17	11	0	
20	17	18	9	0	
20	18	17	8	0	
22	19	15	6	0	
22	18	16	7	0	
23	21	17	7	0	
22	20	20	7	0	
23	22	20	7	0	
26	17	23	6	0	
23	16	23	7	0	
25	17	22	8	0	
26	16	22	8	0	
22	21	23	6	0	
19	17	20	8	0	
18	18	22	10	0	
20	18	21	9	0	
21	18	20	8	0	
21	21	20	9	0	
20	20	20	9	0	
19	21	19	11	0	
19	20	18	13	0	
22	23	17	13	0	
21	23	19	14	0	
17	21	19	17	0	
14	23	22	17	0	
14	22	21	17	0	
15	24	21	14	0	
17	24	20	15	0	
14	24	19	15	0	
17	25	18	16	0	
16	23	16	16	0	
20	26	15	13	0	
21	20	14	14	0	
23	16	14	11	0	
22	18	13	13	0	
24	17	13	10	0	
25	16	10	11	0	
20	17	10	10	0	
22	20	11	8	0	
22	22	10	8	0	
25	20	10	8	0	
27	16	11	8	0	
25	15	11	11	0	
26	18	12	7	0	
25	19	12	7	0	
26	22	10	8	0	
29	25	9	8	0	
28	25	9	7	0	
25	25	11	6	0	
25	22	11	6	0	
24	23	10	6	0	
25	22	11	4	0	
27	24	13	3	0	
26	23	16	3	0	
22	21	19	2	0	
21	21	21	5	0	
23	22	23	4	0	
22	23	23	4	0	
22	23	21	3	0	
22	21	24	2	0	
22	22	23	1	0	
25	19	24	1	0	
25	20	26	1	0	
24	22	27	1	0	
24	21	26	2	0	
22	22	24	1	0	
20	20	22	1	0	
20	21	20	1	0	
19	24	21	1	0	
20	22	19	1	0	
23	19	17	1	0	
21	22	14	3	0	
22	26	14	3	0	
22	27	12	2	0	
22	26	13	2	0	
20	24	13	1	0	
18	25	14	2	0	
18	26	11	2	0	
20	21	9	2	0	
19	22	8	2	0	
21	27	6	1	0	
23	26	4	1	0	
23	27	4	1	0	
27	27	3	1	0	
29	26	3	1	0	
31	24	4	1	0	
32	24	5	2	0	
35	26	4	2	0	
29	28	6	3	0	
28	25	7	2	0	
27	22	5	2	0	
29	18	5	4	0	
30	18	6	4	0	
34	19	6	5	0	
31	20	6	5	0	
30	21	6	5	0	
32	22	7	5	0	
31	24	8	6	0	
31	29	10	6	0	
35	32	9	6	0	
31	30	10	6	0	
36	30	9	6	0	
33	27	10	9	0	
32	21	9	11	0	
29	22	9	8	0	
27	17	9	9	0	
27	18	10	10	0	
26	19	13	11	0	
27	21	14	12	0	
27	23	13	10	0	
27	24	11	8	0	
26	25	11	7	0	
26	27	10	4	0	
30	23	8	5	0	
31	27	8	5	0	
26	26	9	5	0	
28	24	7	7	0	
26	23	7	7	0	
24	24	7	8	0	
26	18	8	8	0	
31	17	8	9	0	
31	15	7	7	0	
31	12	8	6	1	
31	14	8	6	0	
33	15	8	6	1	
37	13	8	6	1	
36	16	7	5	1	
35	18	8	5	0	
33	17	7	7	0	
31	16	6	6	0	
33	15	5	7	1	
34	14	6	9	1	
33	15	6	10	1	
33	15	5	9	1	
32	14	5	9	1	
31	15	5	9	0	
32	17	5	8	0	
32	18	6	8	0	
35	16	7	10	1	
31	13	5	10	1	
29	15	5	12	0	
29	16	5	13	0	
28	19	3	13	0	
27	21	1	12	0	
25	13	1	14	0	
24	14	1	14	0	
25	13	3	15	0	
27	15	3	16	0	
29	14	2	16	0	
29	14	2	20	0	
30	17	2	24	0	
33	15	2	24	0	
31	16	2	23	0	
30	18	3	23	0	
30	17	3	25	0	
30	18	3	27	0	
31	18	2	28	0	
26	18	2	26	0	
27	18	3	25	0	
27	20	5	24	0	
25	18	5	25	0	
24	18	5	23	0	
25	19	6	21	0	
25	18	7	20	0	
21	19	7	18	0	
21	20	6	17	0	
22	18	6	15	0	
21	19	5	13	0	
21	21	4	13	0	
24	20	4	13	0	
26	22	4	12	0	
26	23	5	12	0	
26	26	6	12	0	
26	27	5	11	0	
25	27	4	10	0	
27	24	5	11	0	
26	27	5	11	0	
22	26	5	9	0	
24	21	7	9	0	
19	18	7	9	0	
22	16	8	11	0	
24	17	8	14	0	
22	16	8	14	0	
24	20	7	15	0	
23	20	8	17	0	
28	21	9	14	0	
28	20	9	14	0	
27	21	10	12	0	
26	23	9	13	0	
26	25	8	11	0	
24	25	7	11	0	
28	23	9	12	0	
28	25	10	11	0	
27	22	11	13	0	
25	22	10	14	0	
27	23	11	16	0	
28	24	11	15	0	
29	23	7	17	0	
29	27	6	16	0	
27	26	4	16	0	
28	25	4	19	0	
27	25	4	17	0	
27	22	4	16	0	
25	20	3	21	0	
24	20	3	23	0	
23	23	3	22	0	
21	19	5	19	0	
26	18	4	17	0	
25	18	4	16	0	
25	17	4	15	0	
26	14	4	13	0	
30	12	4	13	1	
31	12	7	14	0	
29	14	8	14	0	
31	13	6	16	0	
29	14	7	17	0	
30	14	7	17	0	
27	13	7	17	0	
25	11	7	16	0	
25	10	6	15	0	
21	13	6	14	0	
19	12	7	15	0	
18	12	7	16	0	
19	14	4	19	0	
17	15	4	23	0	
16	16	4	24	0	
19	18	4	27	0	
19	17	6	24	0	
17	14	6	26	0	
15	14	7	25	0	
16	16	7	28	0	
17	14	6	26	0	
21	11	8	29	0	
20	13	11	26	0	
16	8	12	24	0	
13	8	12	23	0	
11	9	13	22	0	
13	12	14	26	0	
16	11	13	20	0	
15	11	12	19	0	
14	12	13	23	0	
14	12	12	21	0	
13	13	13	23	0	
11	13	13	26	0	
11	11	12	26	0	
11	13	12	22	0	
14	15	13	22	0	
13	18	12	24	0	
14	16	13	23	0	
14	14	12	21	0	
11	13	11	22	0	
14	12	11	21	0	
16	13	10	23	0	
17	17	12	22	0	
15	17	11	23	0	
13	16	12	24	0	
12	16	13	27	0	
12	15	14	24	0	
13	14	14	22	0	
13	15	12	23	0	
15	14	13	22	0	
13	15	11	19	0	
