1	0	0	0	0	
2	0	1	0	0	
2	0	1	2	0	
3	0	1	2	0	
3	0	1	2	0	
3	0	1	3	0	
4	1	1	3	0	
4	1	1	3	0	
4	1	2	4	0	
5	1	2	5	0	
7	1	2	8	0	
6	1	3	10	0	
8	2	3	12	0	
5	2	3	14	0	
6	2	3	14	0	
3	3	4	12	0	
5	3	4	12	0	
5	3	4	18	4	
7	3	3	22	4	
9	3	4	22	0	
10	4	4	24	0	
9	4	4	27	4	
9	5	5	28	4	
9	6	4	25	4	
10	6	4	22	0	
11	7	2	25	0	
12	7	2	23	0	
13	7	4	22	0	
15	7	4	25	0	
12	9	5	24	0	
10	7	7	27	4	
10	8	5	30	4	
11	8	4	29	4	
11	7	4	31	4	
11	8	4	33	4	
14	8	4	34	4	
13	7	4	34	4	
16	7	5	31	0	
15	7	5	32	0	
13	8	5	32	4	
13	8	4	29	0	
11	8	4	27	4	
11	8	4	27	4	
11	9	4	30	4	
11	6	5	30	4	
12	8	6	30	4	
12	8	5	30	4	
12	6	5	33	4	
12	8	5	28	0	
10	11	5	28	4	
11	10	7	29	4	
11	10	7	32	4	
12	10	7	28	0	
12	11	7	29	4	
14	13	8	30	0	
13	14	6	29	0	
13	12	6	28	0	
16	10	8	27	0	
16	13	4	27	0	
14	13	5	28	0	
15	14	7	25	0	
15	13	6	30	0	
15	15	6	32	0	
20	16	7	30	0	
22	16	4	28	0	
24	13	4	32	0	
18	15	3	29	0	
20	14	4	31	0	
17	13	5	31	0	
18	15	5	32	0	
16	16	5	34	0	
13	16	5	34	0	
11	17	5	33	0	
11	16	5	40	4	
11	17	6	41	4	
10	17	7	42	4	
9	20	5	40	4	
6	21	6	41	0	
6	21	5	39	0	
8	22	5	42	0	
6	23	5	41	0	
6	22	6	40	0	
5	23	7	38	0	
6	27	7	37	0	
6	28	7	36	0	
6	29	6	37	0	
4	27	6	38	0	
5	30	6	42	0	
6	30	7	42	0	
9	27	7	42	0	
9	27	7	41	0	
11	28	4	42	0	
12	27	5	44	0	
12	27	5	41	0	
11	26	5	35	0	
11	25	4	33	0	
8	26	5	31	0	
6	24	5	29	0	
6	20	6	25	0	
6	19	6	26	0	
6	19	9	28	0	
6	22	8	29	0	
7	24	6	29	0	
6	24	6	29	0	
5	27	8	24	0	
5	27	8	25	0	
5	28	8	21	0	
5	30	9	23	0	
4	29	8	22	0	
3	26	8	21	0	
3	24	9	23	0	
3	22	8	25	0	
2	20	6	28	0	
2	18	5	31	0	
2	15	4	33	4	
1	13	4	32	4	
1	12	4	30	4	
1	13	5	29	0	
1	14	6	26	0	
1	14	6	24	0	
1	13	8	26	0	
1	16	7	24	0	
2	16	8	27	0	
5	18	7	30	0	
3	14	7	32	4	
3	15	7	34	4	
2	16	8	26	0	
0	14	10	25	0	
0	13	10	25	0	
0	15	9	21	0	
0	17	8	21	0	
0	21	8	21	0	
0	18	7	23	0	
0	15	10	22	0	
0	13	9	22	0	
1	13	7	21	0	
2	13	7	24	0	
3	15	6	25	0	
2	20	6	24	0	
2	20	7	26	0	
3	22	6	29	0	
3	20	7	29	0	
3	21	7	26	0	
3	23	5	24	0	
3	22	5	30	0	
4	24	4	28	0	
3	28	4	27	0	
3	33	4	30	0	
3	31	5	27	0	
4	29	4	28	0	
4	30	2	30	0	
4	29	2	28	0	
5	28	3	31	0	
5	29	2	32	0	
3	30	3	30	0	
3	32	3	34	0	
3	29	3	34	0	
2	32	2	32	0	
1	32	2	34	0	
1	34	4	33	0	
1	35	4	33	0	
2	38	6	34	0	
2	37	6	31	0	
1	39	6	31	0	
2	42	5	31	0	
3	36	5	30	0	
3	38	4	27	0	
3	39	4	23	0	
5	40	4	22	0	
5	44	4	24	0	
6	42	4	23	0	
7	42	4	24	0	
8	40	4	22	0	
6	37	2	21	0	
6	35	3	21	0	
7	35	3	20	0	
7	38	3	22	0	
7	38	3	24	0	
9	41	3	25	0	
9	41	4	21	0	
10	44	4	23	0	
11	42	3	24	0	
10	43	5	22	2	
11	46	6	23	2	
11	40	6	21	0	
11	38	6	22	0	
12	38	6	23	0	
11	35	7	23	0	
11	37	5	24	0	
10	41	5	20	2	
9	41	6	20	2	
10	39	6	19	2	
12	39	6	22	0	
14	37	7	21	0	
11	37	8	20	0	
13	33	8	20	0	
14	36	10	18	0	
16	36	10	18	0	
18	31	11	17	0	
18	28	13	18	0	
18	30	12	19	0	
18	28	13	18	0	
18	30	15	16	0	
16	30	16	16	0	
14	28	15	15	0	
15	25	17	14	0	
14	22	15	14	0	
16	22	13	13	0	
14	25	14	12	0	
17	29	13	11	0	
15	29	12	10	0	
16	30	9	10	0	
20	34	8	10	0	
21	31	7	10	0	
21	31	7	10	0	
20	34	11	9	0	
21	35	12	9	0	
20	36	13	8	0	
21	33	13	10	0	
18	37	13	8	0	
19	37	14	6	0	
19	36	15	3	0	
18	37	15	4	0	
18	35	14	7	0	
16	42	14	8	2	
16	46	14	7	2	
16	40	15	7	2	
17	41	14	6	2	
18	39	15	8	2	
16	34	15	8	0	
15	34	13	8	2	
16	36	14	7	2	
16	35	13	8	2	
16	33	13	10	0	
17	35	10	11	0	
16	33	12	11	0	
18	31	14	11	0	
17	30	11	11	0	
16	26	11	14	0	
17	24	13	11	0	
17	26	11	11	0	
15	30	10	10	0	
16	26	11	10	0	
14	27	12	11	0	
15	27	14	11	0	
14	29	16	11	0	
15	29	18	11	0	
17	26	20	10	0	
17	23	21	12	0	
19	18	23	13	0	
18	19	24	11	0	
18	20	22	9	0	
20	22	24	9	0	
20	23	21	10	0	
21	25	18	9	0	
21	24	16	11	0	
19	24	16	10	0	
20	21	20	8	0	
19	19	22	7	0	
19	23	21	8	0	
19	25	24	8	0	
18	25	26	10	0	
16	26	28	11	0	
17	27	27	12	0	
17	26	24	11	0	
15	21	24	10	0	
16	22	24	10	0	
10	24	23	11	0	
8	24	23	11	0	
10	23	23	10	0	
9	24	23	11	0	
10	27	23	11	0	
11	27	20	14	0	
10	26	20	14	0	
7	24	20	14	0	
7	26	16	14	0	
7	27	19	12	0	
6	28	17	12	0	
5	28	20	11	0	
7	31	19	11	0	
5	32	21	12	0	
5	29	21	12	0	
6	28	25	12	0	
5	23	25	13	0	
6	23	24	13	0	
5	25	26	13	0	
5	26	28	12	0	
5	22	28	11	0	
4	24	28	13	0	
5	25	27	13	0	
6	22	27	15	0	
7	26	28	16	0	
5	27	28	17	0	
4	33	30	16	0	
7	31	31	15	0	
5	32	25	17	0	
6	26	28	16	0	
5	28	31	17	0	
5	24	33	17	0	
4	24	33	16	0	
4	28	31	17	0	
5	24	28	18	0	
5	25	31	20	0	
5	21	31	21	0	
5	23	33	26	0	
6	22	30	24	0	
7	22	27	20	0	
6	23	22	20	0	
6	22	24	18	0	
5	21	22	15	0	
5	22	24	17	0	
5	22	22	19	0	
7	24	19	20	0	
8	23	22	19	0	
8	25	26	18	0	
10	28	25	20	0	
10	29	22	18	0	
11	28	23	18	0	
10	26	24	18	0	
9	29	24	18	0	
11	29	22	13	0	
11	27	21	14	0	
10	29	21	14	0	
10	28	20	14	0	
9	26	18	15	0	
7	26	16	18	0	
8	32	16	20	0	
8	33	15	19	0	
8	38	14	19	0	
9	36	15	18	0	
12	33	14	20	0	
12	34	14	18	0	
12	30	15	17	0	
10	31	14	18	0	
12	30	12	19	0	
11	32	14	15	0	
8	34	13	15	2	
9	32	11	15	0	
8	35	11	16	2	
8	37	8	18	0	
7	37	8	18	0	
9	38	6	19	0	
11	34	6	19	0	
9	32	6	17	0	
8	34	7	19	0	
8	30	6	20	0	
7	33	5	20	0	
8	34	5	20	0	
8	38	5	19	0	
10	39	7	17	2	
8	37	6	15	2	
5	33	4	14	2	
5	35	2	16	2	
6	36	2	16	2	
7	36	1	16	2	
8	38	1	15	2	
11	37	2	14	2	
10	36	1	15	2	
11	34	2	16	0	
11	38	2	14	2	
13	36	2	14	2	
14	35	2	12	2	
14	34	2	12	2	
12	33	1	14	2	
14	32	1	17	0	
14	34	1	17	0	
15	33	1	16	0	
15	35	2	15	2	
12	32	4	18	0	
13	31	4	17	0	
9	31	3	19	0	
9	34	1	17	0	
10	33	1	17	0	
12	34	1	18	0	
14	33	1	19	0	
13	36	2	20	0	
9	33	2	18	0	
13	35	1	19	0	
14	34	1	19	0	
13	35	1	18	0	
13	38	1	19	0	
9	35	1	19	0	
8	33	1	20	0	
8	37	1	19	0	
5	39	2	18	2	
5	38	2	17	2	
4	38	3	18	2	
4	37	3	17	2	
7	37	3	18	0	
6	35	3	15	2	
6	34	3	15	2	
7	33	2	13	2	
8	33	3	13	2	
8	31	6	12	2	
7	30	6	9	2	
5	29	6	9	2	
7	29	5	9	2	
7	29	4	10	2	
9	27	3	11	2	
7	32	3	12	2	
7	32	4	12	2	
6	28	3	12	0	
5	27	4	13	0	
7	26	4	15	0	
9	24	5	14	0	
8	24	5	12	0	
7	23	7	11	0	
8	22	7	12	0	
9	22	9	13	0	
9	21	8	13	0	
8	22	8	14	0	
8	22	9	15	0	
10	20	10	19	0	
9	22	10	18	0	
11	20	8	20	0	
11	24	9	23	0	
9	22	9	25	0	
7	25	8	27	0	
9	25	8	28	0	
9	24	9	25	0	
10	21	11	29	0	
11	21	12	28	0	
10	22	14	27	0	
10	20	15	25	0	
12	21	12	24	0	
11	21	12	26	0	
11	21	13	24	0	
6	24	15	26	0	
7	26	13	25	0	
6	27	13	24	0	
6	26	16	25	0	
7	23	16	25	0	
7	23	19	22	0	
7	20	19	24	0	
9	18	21	23	0	
10	20	19	23	0	
9	20	18	25	0	
12	17	17	23	0	
15	17	20	23	0	
16	15	21	21	0	
16	16	22	24	0	
16	14	19	24	0	
18	16	20	21	0	
19	16	19	21	0	
18	14	18	23	0	
21	14	18	24	0	
23	16	19	24	0	
27	16	20	23	0	
23	15	18	25	0	
21	16	19	21	0	
19	19	19	18	0	
18	16	19	22	0	
17	14	21	22	0	
13	13	22	22	0	
12	14	21	25	0	
11	13	22	26	0	
12	13	24	27	0	
12	12	24	25	0	
12	9	23	25	0	
12	12	22	25	0	
14	13	19	28	0	
13	11	19	27	0	
12	14	19	23	0	
12	15	22	24	0	
10	18	21	26	0	
9	19	22	21	0	
8	20	23	18	0	
8	19	20	18	0	
8	19	21	20	0	
6	17	22	24	0	
6	17	23	23	0	
6	17	22	22	0	
6	17	22	20	0	
5	22	22	18	0	
2	24	21	16	0	
3	21	21	17	0	
2	20	25	17	0	
2	20	27	15	0	
4	19	27	16	0	
6	19	28	17	0	
8	21	28	16	0	
7	20	29	16	0	
7	19	28	13	0	
6	18	27	11	0	
7	19	26	10	0	
7	19	24	9	0	
6	23	25	9	0	
6	24	21	9	0	
6	24	19	9	0	
8	23	22	9	0	
8	22	25	9	0	
7	18	22	8	0	
10	20	22	9	0	
14	20	22	10	0	
10	24	22	12	0	
12	24	21	12	0	
13	26	21	11	0	
15	24	18	11	0	
14	22	16	12	0	
12	22	17	12	0	
11	21	19	13	0	
8	21	21	14	0	
9	19	24	13	0	
8	20	24	12	0	
9	20	25	13	0	
8	19	26	13	0	
7	17	26	13	0	
7	15	26	13	0	
8	16	27	15	0	
10	15	26	13	0	
9	15	24	16	0	
9	17	23	15	0	
11	17	18	17	0	
12	17	19	15	0	
16	14	20	12	0	
16	14	19	12	0	
16	19	16	11	0	
18	20	14	12	0	
17	18	14	12	0	
16	18	13	12	0	
18	21	14	10	0	
17	23	12	12	0	
18	28	14	14	0	
17	31	18	17	0	
17	27	19	20	0	
19	25	17	19	0	
16	24	15	17	0	
16	25	12	20	0	
18	29	13	19	0	
18	33	12	20	0	
18	37	12	17	0	
22	36	8	17	0	
21	36	8	16	0	
18	35	9	17	0	
15	32	10	19	0	
15	29	9	18	0	
16	28	11	16	0	
16	26	13	18	0	
17	26	14	14	0	
16	25	13	16	0	
15	24	14	15	0	
16	23	12	15	0	
17	22	14	16	0	
15	18	15	15	0	
16	19	14	15	0	
14	17	12	17	0	
16	16	12	16	0	
15	18	14	16	0	
16	15	16	18	0	
15	18	15	17	0	
13	18	14	18	0	
14	18	14	14	0	
15	16	16	16	0	
15	16	15	13	0	
13	17	16	15	0	
13	15	16	15	0	
13	15	18	14	0	
15	15	17	13	0	
15	15	17	14	0	
15	15	18	17	0	
13	17	18	17	0	
12	16	18	16	0	
13	15	16	15	0	
14	17	18	13	0	
15	17	16	11	0	
16	19	15	14	0	
17	20	14	13	0	
19	20	15	14	0	
18	21	17	15	0	
15	23	15	13	0	
13	22	15	11	0	
15	21	16	11	0	
15	19	13	11	0	
17	17	11	10	0	
17	20	13	10	0	
17	17	14	10	0	
16	13	13	12	0	
19	15	14	12	0	
18	15	15	12	0	
22	14	13	13	0	
22	13	15	14	0	
22	13	13	13	0	
20	11	11	13	0	
21	11	10	12	0	
19	12	10	9	0	
21	12	11	9	0	
23	13	11	9	0	
20	12	12	9	0	
19	10	12	10	0	
18	11	14	9	0	
17	13	15	10	0	
20	13	14	10	0	
21	16	16	8	0	
20	16	16	7	0	
21	18	15	7	0	
25	19	15	6	0	
24	22	16	7	0	
26	19	17	6	0	
26	18	16	5	0	
27	18	17	6	0	
25	19	18	6	0	
25	20	16	6	0	
23	20	18	6	0	
20	17	17	5	0	
21	18	20	6	0	
21	18	21	4	0	
21	19	18	4	0	
21	18	14	2	0	
23	19	15	2	0	
24	22	13	1	0	
25	24	14	0	0	
25	23	16	1	0	
25	23	16	1	0	
24	25	18	1	0	
25	24	22	1	0	
27	26	21	2	0	
26	24	22	2	0	
28	26	20	1	0	
26	26	21	2	0	
24	28	20	2	0	
24	28	18	3	0	
22	29	18	4	0	
23	32	19	3	0	
24	32	17	3	0	
23	32	19	4	0	
24	29	16	4	0	
26	28	17	4	0	
27	25	17	5	0	
23	23	14	4	0	
22	20	13	3	0	
25	18	14	2	0	
27	19	15	2	0	
25	18	14	1	0	
28	17	15	1	0	
24	16	12	1	0	
26	14	13	1	0	
29	15	11	2	0	
32	14	12	2	1	
30	15	12	2	0	
31	16	12	1	0	
30	15	12	2	0	
32	15	14	3	0	
36	16	15	3	1	
39	15	17	2	1	
39	15	18	3	1	
35	13	16	2	1	
36	14	15	2	1	
44	16	15	3	1	
44	15	15	3	1	
44	14	13	2	1	
37	15	14	2	1	
38	14	11	2	1	
37	12	10	2	1	
36	13	8	2	1	
37	15	8	2	1	
38	11	8	2	1	
36	9	9	3	1	
35	8	10	4	1	
33	7	10	4	1	
39	6	9	5	1	
36	5	10	6	1	
36	6	9	7	1	
37	8	8	6	1	
34	9	8	6	1	
30	7	6	9	1	
34	9	7	12	1	
34	8	7	13	1	
28	9	7	12	0	
31	8	7	13	1	
36	9	7	11	1	
35	5	7	13	1	
33	6	8	12	1	
33	7	10	8	1	
34	7	8	9	1	
39	6	10	10	1	
38	6	11	11	1	
39	6	11	11	1	
41	6	9	9	1	
38	6	8	10	1	
40	7	9	7	1	
40	6	9	9	1	
36	8	9	10	1	
36	9	9	9	1	
32	9	10	8	1	
35	8	6	8	1	
35	8	5	9	1	
38	7	4	10	1	
32	7	5	12	1	
30	8	5	15	0	
33	5	6	15	1	
34	5	8	14	1	
33	5	9	15	1	
33	4	9	17	0	
35	4	10	16	1	
32	4	12	17	0	
32	4	11	19	0	
35	5	10	19	0	
34	3	14	19	0	
33	3	13	24	0	
36	5	14	25	0	
33	6	13	24	0	
37	7	12	21	0	
36	8	12	24	0	
38	8	15	23	0	
30	8	16	23	0	
30	8	17	17	0	
30	8	16	19	0	
28	8	14	20	0	
29	9	14	21	0	
28	10	15	22	0	
26	11	15	18	0	
28	12	15	18	0	
22	12	13	17	0	
21	10	14	15	0	
21	10	17	16	0	
20	10	18	16	0	
20	10	17	17	0	
20	11	19	13	0	
18	11	21	14	0	
20	10	19	11	0	
19	12	19	13	0	
22	14	17	14	0	
22	14	19	15	0	
23	14	19	18	0	
22	15	20	15	0	
22	17	18	18	0	
22	17	19	18	0	
23	19	19	17	0	
24	16	19	17	0	
23	17	17	19	0	
23	15	17	22	0	
22	14	17	22	0	
22	15	16	24	0	
20	15	17	28	0	
23	15	15	26	0	
23	15	13	27	0	
24	17	13	26	0	
25	17	15	27	0	
22	15	14	28	0	
23	14	13	31	0	
18	14	11	28	0	
18	13	10	31	0	
21	13	10	30	0	
20	12	14	31	0	
17	12	12	31	0	
13	14	10	33	4	
15	18	10	32	0	
18	16	10	30	0	
17	19	10	30	0	
16	20	11	29	0	
19	17	10	29	0	
18	17	12	27	0	
17	19	11	26	0	
16	22	8	27	0	
17	21	7	28	0	
14	18	8	28	0	
16	21	6	27	0	
17	19	7	28	0	
17	18	7	27	0	
17	18	7	23	0	
17	19	6	25	0	
17	20	3	24	0	
14	20	3	25	0	
14	23	3	24	0	
16	24	3	25	0	
15	22	4	27	0	
17	22	3	26	0	
17	22	3	24	0	
17	20	4	21	0	
20	20	4	22	0	
21	19	4	21	0	
21	20	4	22	0	
20	19	4	25	0	
21	18	4	25	0	
22	22	3	26	0	
24	22	2	27	0	
24	22	2	30	0	
27	22	2	28	0	
25	24	2	30	0	
26	23	2	29	0	
27	19	2	28	0	
26	21	2	26	0	
25	21	2	26	0	
25	19	2	26	0	
23	19	4	27	0	
20	18	4	22	0	
23	21	4	22	0	
22	21	4	19	0	
20	26	5	23	0	
22	26	3	22	0	
19	27	2	22	0	
21	24	2	21	0	
19	24	2	22	0	
19	23	3	22	0	
19	22	3	20	0	
17	22	2	18	0	
16	22	3	17	0	
15	25	2	16	0	
15	29	4	16	0	
12	32	4	18	0	
11	30	4	18	0	
14	29	4	18	0	
17	29	3	18	0	
17	28	5	16	0	
16	29	5	16	0	
19	30	5	16	0	
20	32	6	14	0	
17	28	6	14	0	
18	29	5	15	0	
18	30	6	12	0	
20	27	7	13	0	
18	27	8	15	0	
16	29	7	12	0	
15	30	7	13	0	
13	32	6	13	2	
11	34	6	13	2	
9	34	7	13	2	
8	34	8	13	2	
5	31	8	17	0	
5	30	7	19	0	
6	32	10	19	0	
7	30	10	19	0	
8	30	15	18	0	
7	30	14	17	0	
6	30	14	17	0	
6	29	12	19	0	
7	27	9	22	0	
7	29	10	22	0	
9	29	11	23	0	
7	27	12	22	0	
8	28	13	25	0	
8	28	11	22	0	
7	31	10	21	0	
6	32	11	23	0	
7	29	10	23	0	
7	27	12	24	0	
6	25	13	22	0	
6	26	14	21	0	
6	27	17	18	0	
6	25	17	20	0	
5	24	18	23	0	
5	24	17	25	0	
6	26	17	28	0	
6	28	17	29	0	
7	25	14	29	0	
7	24	13	27	0	
8	26	12	31	0	
5	26	12	33	0	
6	28	12	30	0	
7	28	10	30	0	
7	25	11	30	0	
9	23	9	30	0	
9	22	9	31	0	
10	21	9	31	0	
11	23	8	31	0	
10	21	7	32	0	
12	19	7	36	0	
13	18	9	36	0	
12	19	7	41	4	
13	19	7	41	4	
13	20	7	37	0	
13	19	7	40	4	
14	16	7	41	4	
12	14	6	38	4	
12	16	6	39	4	
10	17	7	41	4	
8	20	9	40	4	
11	20	10	38	0	
11	23	9	38	0	
11	19	8	39	4	
11	21	9	38	0	
10	18	9	38	4	
11	19	10	35	0	
10	19	13	35	0	
10	19	12	34	0	
11	19	11	33	0	
12	18	11	34	0	
10	18	11	33	0	
9	20	11	34	0	
10	19	11	27	0	
6	19	10	29	0	
7	20	8	31	0	
7	17	8	30	0	
7	17	6	29	0	
5	15	6	27	0	
4	16	7	27	0	
4	18	4	27	0	
4	15	5	26	0	
4	16	6	24	0	
6	18	6	21	0	
6	20	7	23	0	
5	22	7	24	0	
5	26	7	24	0	
5	27	7	23	0	
6	31	8	19	0	
5	28	10	20	0	
5	27	9	19	0	
5	26	13	19	0	
7	28	14	20	0	
6	33	16	20	0	
8	37	18	16	0	
8	32	22	14	0	
8	26	22	13	0	
6	26	21	11	0	
5	28	19	11	0	
6	27	21	13	0	
6	28	22	12	0	
8	28	21	14	0	
6	30	16	16	0	
7	27	16	19	0	
7	24	17	21	0	
6	27	18	21	0	
7	26	18	21	0	
9	32	21	24	0	
8	32	24	23	0	
9	29	26	18	0	
8	30	28	17	0	
7	25	27	18	0	
7	24	25	18	0	
6	23	24	15	0	
8	22	25	11	0	
8	20	29	11	0	
8	21	29	12	0	
6	22	28	12	0	
8	22	28	10	0	
7	25	29	10	0	
6	26	30	8	0	
7	23	28	10	0	
8	22	27	10	0	
7	22	25	9	0	
7	23	28	9	0	
7	27	28	9	0	
9	24	30	9	0	
10	19	30	11	0	
10	19	30	11	0	
12	17	29	12	0	
11	18	26	13	0	
9	19	25	15	0	
9	17	23	15	0	
9	18	25	16	0	
7	19	28	17	0	
7	20	29	18	0	
7	20	25	20	0	
7	19	23	22	0	
7	18	21	20	0	
7	21	20	21	0	
8	19	19	19	0	
8	19	22	14	0	
6	21	20	16	0	
7	22	17	16	0	
6	22	13	14	0	
4	25	11	17	0	
2	22	13	16	0	
2	23	12	18	0	
1	24	11	22	0	
2	26	13	21	0	
3	26	15	21	0	
3	26	14	24	0	
2	24	14	25	0	
2	22	11	29	0	
2	24	11	28	0	
2	25	12	27	0	
2	22	11	24	0	
3	20	12	26	0	
3	23	12	26	0	
3	23	11	27	0	
4	21	12	25	0	
4	22	12	26	0	
3	24	13	28	0	
4	24	14	28	0	
4	26	17	27	0	
4	25	19	24	0	
6	26	19	21	0	
5	24	19	17	0	
6	23	18	17	0	
5	22	16	17	0	
6	21	18	15	0	
6	21	14	18	0	
6	16	14	18	0	
6	18	13	17	0	
6	19	12	22	0	
5	21	13	27	0	
6	21	13	27	0	
8	20	13	28	0	
8	23	13	30	0	
6	23	11	29	0	
7	23	11	30	0	
6	20	11	28	0	
5	20	11	28	0	
5	21	15	28	0	
5	22	16	28	0	
4	21	16	26	0	
4	19	19	30	0	
5	19	19	33	0	
5	17	18	30	0	
6	18	16	30	0	
6	17	16	31	0	
5	18	16	29	0	
6	16	20	30	0	
6	13	20	32	0	
