1	0	0	0	0	
1	0	1	0	0	
2	0	2	2	0	
2	0	2	3	0	
1	0	4	4	0	
1	0	7	4	0	
1	0	10	5	0	
1	0	11	5	0	
1	1	11	6	0	
1	2	11	7	0	
2	3	15	8	0	
1	4	15	9	0	
1	3	15	8	0	
2	2	17	6	0	
2	3	17	5	0	
4	3	18	4	3	
5	3	19	6	3	
4	3	23	7	3	
4	4	24	6	3	
4	4	22	8	0	
4	4	22	10	0	
4	4	23	14	0	
4	5	22	11	0	
6	5	19	12	0	
5	4	18	13	0	
7	4	16	14	0	
8	4	16	13	0	
7	5	13	14	0	
7	6	14	15	0	
9	6	14	18	0	
9	7	14	19	0	
7	8	16	23	0	
6	7	20	21	0	
6	6	22	19	0	
6	5	22	16	0	
7	5	19	19	0	
7	5	21	20	0	
9	7	22	20	0	
9	6	21	25	0	
7	7	23	24	0	
6	7	22	24	0	
8	5	17	25	0	
7	4	17	28	0	
5	6	19	28	0	
6	5	20	31	0	
5	6	16	32	0	
4	5	15	37	4	
4	4	16	34	0	
5	5	13	35	4	
6	7	11	36	4	
6	9	12	35	4	
6	9	10	36	4	
5	7	8	34	4	
6	6	8	37	4	
6	7	7	39	4	
6	10	6	39	4	
5	9	3	40	4	
6	12	3	41	4	
7	13	3	41	4	
5	13	3	39	4	
5	10	3	40	4	
4	10	3	36	4	
4	10	3	39	4	
5	13	2	39	4	
6	12	3	39	4	
4	14	4	33	4	
5	13	3	35	4	
5	12	3	37	4	
5	14	4	40	4	
4	15	2	41	4	
4	14	4	45	4	
6	13	4	43	4	
8	14	4	46	4	
8	13	3	49	4	
7	15	4	43	4	
7	15	4	43	4	
8	14	4	42	4	
9	15	6	41	4	
9	13	5	37	4	
7	13	6	37	4	
7	14	7	37	4	
8	15	6	37	4	
10	15	6	43	4	
10	15	6	45	4	
9	16	6	45	4	
9	15	7	43	4	
8	14	9	45	4	
8	13	8	43	4	
8	12	8	40	4	
7	12	8	42	4	
7	13	6	40	4	
7	11	5	40	4	
5	12	5	37	4	
6	12	6	35	4	
5	10	6	31	4	
6	10	8	31	4	
7	10	10	37	4	
8	9	12	37	4	
9	11	15	39	4	
9	12	15	38	4	
9	10	15	36	4	
7	11	17	39	4	
6	9	17	36	4	
6	9	16	35	4	
6	11	12	35	4	
7	10	13	37	4	
8	11	11	36	4	
7	12	14	35	4	
6	11	13	40	4	
6	8	12	38	4	
5	9	12	37	4	
4	7	12	38	4	
2	8	13	41	4	
1	10	13	42	4	
1	11	13	38	4	
2	11	15	40	4	
4	10	12	42	4	
5	10	13	40	4	
7	9	11	44	4	
9	10	11	44	4	
10	8	11	41	4	
9	8	13	45	4	
9	7	14	42	4	
10	6	13	40	4	
10	8	14	45	4	
7	7	15	45	4	
6	7	14	44	4	
8	6	14	36	4	
7	7	13	35	4	
4	7	12	33	4	
4	7	14	36	4	
4	9	14	36	4	
3	11	13	38	4	
5	12	13	42	4	
5	14	17	44	4	
5	15	18	43	4	
6	14	18	43	4	
7	15	17	41	4	
6	17	18	37	0	
7	14	18	37	0	
6	15	18	38	4	
6	13	14	40	4	
6	13	17	39	4	
6	14	16	37	4	
7	11	18	38	4	
6	10	17	39	4	
7	8	17	38	4	
8	8	18	37	0	
6	9	21	35	0	
6	10	19	30	0	
7	11	21	31	0	
7	11	20	35	0	
6	10	21	40	0	
5	12	23	39	0	
5	13	23	42	0	
5	12	23	41	0	
6	10	18	39	4	
6	9	22	36	0	
5	11	22	38	0	
5	10	17	38	4	
4	8	16	35	4	
3	8	18	38	4	
3	9	16	42	4	
5	11	12	46	4	
4	10	13	42	4	
6	10	13	38	4	
8	10	14	39	4	
10	10	13	38	4	
10	9	15	38	4	
10	10	15	37	4	
10	9	17	34	0	
9	9	20	33	0	
8	9	18	30	0	
8	8	19	26	0	
7	10	18	28	0	
5	10	17	27	0	
6	11	16	28	0	
7	13	15	27	0	
8	10	20	31	0	
8	11	21	30	0	
9	11	23	26	0	
6	9	24	24	0	
5	12	25	22	0	
5	13	25	23	0	
5	12	29	23	0	
6	12	27	21	0	
5	13	34	22	0	
7	13	33	21	0	
9	12	32	21	0	
8	11	32	18	0	
7	12	31	19	0	
7	12	30	19	0	
7	14	31	22	0	
8	10	31	25	0	
8	10	32	25	0	
5	11	29	25	0	
7	11	29	22	0	
7	10	31	21	0	
5	12	32	21	0	
6	13	37	19	0	
7	14	38	23	0	
7	14	38	24	0	
7	13	36	23	0	
7	11	38	22	0	
8	11	33	25	0	
8	10	35	20	0	
8	10	34	23	0	
11	11	35	21	0	
11	10	35	24	0	
11	10	33	24	0	
11	9	33	19	0	
9	8	32	21	0	
7	9	32	23	0	
8	8	28	25	0	
7	6	29	25	0	
9	9	31	23	0	
11	8	34	23	0	
12	8	27	25	0	
12	8	31	28	0	
12	7	27	33	0	
13	9	28	30	0	
14	9	26	31	0	
14	9	23	32	0	
12	9	24	29	0	
12	9	22	31	0	
17	9	19	32	0	
16	8	17	33	0	
15	10	16	37	4	
15	12	14	38	4	
16	14	14	37	4	
18	10	12	38	4	
20	9	10	38	0	
19	8	10	36	0	
17	9	11	37	4	
19	8	11	32	0	
21	8	11	31	0	
20	8	12	29	0	
20	8	12	27	0	
18	7	11	25	0	
13	7	12	23	0	
13	6	12	20	0	
14	6	13	20	0	
16	7	13	22	0	
18	6	12	19	0	
16	6	14	22	0	
16	7	13	22	0	
16	7	11	23	0	
13	10	13	21	0	
13	11	15	24	0	
15	13	15	22	0	
17	15	16	20	0	
17	15	18	18	0	
20	15	19	15	0	
20	16	21	16	0	
22	16	23	13	0	
22	15	23	16	0	
18	15	23	14	0	
18	16	26	14	0	
17	19	25	14	0	
16	20	22	16	0	
16	18	22	16	0	
15	15	23	15	0	
15	12	22	15	0	
15	12	23	16	0	
13	11	24	17	0	
12	13	24	16	0	
13	17	24	16	0	
12	17	28	16	0	
13	19	28	14	0	
13	21	28	16	0	
12	25	25	11	0	
11	25	23	12	0	
10	27	22	10	0	
11	28	23	10	0	
11	29	25	10	0	
12	31	25	12	0	
13	27	24	11	0	
12	25	24	9	0	
10	25	26	9	0	
10	27	28	11	0	
11	26	27	12	0	
11	29	28	13	0	
13	30	26	14	0	
14	30	24	13	0	
16	28	21	14	0	
14	31	22	15	0	
14	29	20	15	0	
13	28	23	13	0	
13	28	23	13	0	
13	29	23	13	0	
12	25	23	14	0	
10	24	24	15	0	
9	21	28	13	0	
10	22	27	12	0	
10	21	24	12	0	
10	21	24	12	0	
8	21	26	13	0	
6	19	29	12	0	
6	21	32	16	0	
5	23	30	16	0	
5	24	30	17	0	
4	23	28	19	0	
5	21	26	18	0	
6	18	24	16	0	
4	19	23	18	0	
3	20	21	20	0	
3	19	21	17	0	
3	21	20	16	0	
3	19	23	13	0	
4	17	22	10	0	
5	18	20	11	0	
6	18	18	9	0	
8	17	18	9	0	
7	17	19	12	0	
7	20	22	13	0	
6	20	26	13	0	
8	18	26	16	0	
8	17	29	14	0	
13	14	29	14	0	
12	14	27	14	0	
12	15	28	15	0	
10	15	29	15	0	
9	13	31	15	0	
9	14	39	16	3	
11	11	39	15	3	
14	11	37	17	3	
15	13	33	15	3	
16	12	30	18	0	
16	12	25	19	0	
15	13	22	21	0	
18	11	23	19	0	
17	12	23	18	0	
16	13	25	20	0	
18	13	21	20	0	
18	16	23	21	0	
18	16	24	21	0	
19	15	25	18	0	
19	14	26	18	0	
20	13	21	18	0	
18	16	20	16	0	
15	17	23	16	0	
14	16	23	17	0	
11	17	21	17	0	
10	18	22	17	0	
10	20	23	19	0	
8	17	23	18	0	
8	18	21	24	0	
8	15	24	25	0	
9	13	25	24	0	
9	14	25	22	0	
8	14	22	16	0	
8	15	22	19	0	
7	15	19	19	0	
7	17	16	20	0	
8	16	19	20	0	
8	16	20	18	0	
9	18	21	19	0	
10	20	21	19	0	
11	19	22	18	0	
11	20	24	17	0	
10	21	24	17	0	
9	18	24	17	0	
8	15	24	17	0	
9	13	31	17	0	
9	15	30	16	0	
7	18	28	15	0	
8	21	24	18	0	
7	23	25	20	0	
9	21	23	23	0	
8	19	22	24	0	
9	17	27	22	0	
7	18	26	19	0	
9	15	23	20	0	
9	17	24	17	0	
9	17	24	18	0	
8	16	24	17	0	
10	16	26	19	0	
11	17	29	20	0	
10	17	29	19	0	
9	17	29	19	0	
8	19	29	19	0	
8	19	26	20	0	
10	20	30	18	0	
10	18	27	20	0	
9	21	23	23	0	
11	22	23	23	0	
11	17	25	25	0	
11	18	27	25	0	
11	17	30	22	0	
12	17	28	21	0	
12	17	31	23	0	
12	18	28	22	0	
10	17	26	23	0	
11	17	28	24	0	
11	18	27	26	0	
11	18	28	25	0	
11	19	27	24	0	
11	18	29	24	0	
12	21	29	23	0	
12	20	24	24	0	
12	20	25	26	0	
8	20	25	25	0	
8	23	26	21	0	
9	22	23	23	0	
7	25	27	23	0	
5	23	24	21	0	
4	17	23	20	0	
6	18	24	19	0	
6	16	25	21	0	
6	16	25	18	0	
8	16	31	18	0	
8	15	31	17	0	
9	15	29	17	0	
9	12	25	20	0	
9	14	27	19	0	
8	16	31	17	0	
8	16	33	18	0	
9	16	31	17	0	
9	17	31	13	0	
9	21	30	14	0	
9	19	29	13	0	
9	17	29	17	0	
9	18	31	20	0	
12	18	29	18	0	
11	19	23	16	0	
12	18	23	20	0	
15	16	24	18	0	
16	17	24	17	0	
18	17	24	17	0	
18	19	24	16	0	
17	20	21	17	0	
16	24	22	16	0	
16	24	21	12	0	
18	25	23	12	0	
19	24	20	9	0	
18	24	20	9	0	
17	23	18	10	0	
23	23	22	10	0	
24	24	22	10	0	
25	26	20	10	0	
23	24	22	9	0	
23	23	20	11	0	
24	23	20	12	0	
22	26	19	9	0	
23	21	21	8	0	
22	22	20	10	0	
21	23	23	8	0	
22	26	23	7	0	
23	26	23	11	0	
25	25	22	11	0	
22	27	21	11	0	
22	27	20	11	0	
19	27	19	12	0	
19	24	18	13	0	
19	30	18	12	0	
15	34	16	13	0	
16	32	18	12	0	
13	32	17	13	0	
12	30	22	11	0	
13	31	22	12	0	
12	36	19	10	0	
11	37	20	12	0	
9	40	20	10	2	
8	42	21	11	2	
8	42	18	8	2	
7	41	18	9	2	
9	39	17	9	2	
9	40	19	7	2	
11	39	19	8	2	
11	35	17	9	0	
9	33	16	8	0	
9	30	18	11	0	
11	32	17	8	0	
11	30	16	10	0	
12	30	14	13	0	
12	28	12	12	0	
10	32	14	11	2	
9	36	13	10	2	
11	35	15	9	2	
12	28	15	10	0	
14	24	16	8	0	
13	25	16	9	0	
13	27	15	11	0	
11	27	17	10	0	
10	26	16	9	0	
12	23	15	8	0	
13	21	16	10	0	
11	27	15	11	0	
12	24	16	11	0	
14	22	18	11	0	
12	25	18	12	0	
12	23	14	13	0	
12	22	13	12	0	
12	23	12	14	0	
12	23	14	15	0	
11	20	10	14	0	
10	21	10	14	0	
10	21	9	13	0	
11	18	9	13	0	
11	16	10	12	0	
15	15	9	14	0	
19	15	11	15	0	
20	15	12	15	0	
24	17	13	19	0	
22	17	11	17	0	
25	17	10	19	0	
23	19	13	20	0	
20	18	13	22	0	
20	17	17	20	0	
19	17	18	21	0	
21	16	17	19	0	
18	16	16	19	0	
20	14	14	19	0	
19	15	16	20	0	
21	15	16	22	0	
18	15	17	22	0	
19	15	17	21	0	
20	13	15	19	0	
19	13	17	20	0	
20	16	16	21	0	
18	15	16	24	0	
17	15	16	25	0	
19	16	17	22	0	
17	16	17	22	0	
16	16	17	22	0	
22	16	17	23	0	
20	16	16	22	0	
20	18	16	23	0	
22	18	15	26	0	
23	19	17	25	0	
20	15	18	25	0	
17	13	17	26	0	
21	12	18	27	0	
22	11	15	25	0	
23	11	13	28	0	
19	9	13	26	0	
18	5	14	28	0	
17	5	14	28	0	
17	5	13	28	0	
16	4	15	30	0	
17	4	11	35	0	
15	5	10	35	4	
15	8	12	32	0	
16	6	13	32	0	
17	6	15	33	0	
15	5	17	35	0	
16	5	17	32	0	
14	5	17	32	0	
18	6	17	29	0	
18	7	17	30	0	
16	6	16	30	0	
20	9	17	27	0	
18	8	13	27	0	
17	9	12	28	0	
18	8	13	28	0	
22	8	14	25	0	
23	8	16	24	0	
24	8	15	23	0	
22	7	16	20	0	
21	8	15	25	0	
21	8	17	23	0	
21	9	14	25	0	
23	9	12	24	0	
25	9	13	24	0	
25	9	11	23	0	
21	8	9	23	0	
22	8	9	26	0	
22	8	9	26	0	
23	7	7	24	0	
24	8	6	26	0	
27	9	5	26	0	
27	11	5	29	0	
23	10	5	29	0	
21	10	6	27	0	
19	13	6	32	0	
19	12	6	33	0	
18	12	6	33	0	
18	12	5	33	0	
17	11	5	27	0	
16	10	6	29	0	
14	7	6	29	0	
13	6	7	29	0	
15	8	7	31	0	
17	9	7	30	0	
16	8	8	31	0	
15	9	9	29	0	
15	9	9	27	0	
15	9	7	27	0	
16	10	7	29	0	
18	10	5	27	0	
20	10	6	26	0	
19	8	6	26	0	
18	5	7	27	0	
18	6	6	34	0	
18	8	6	31	0	
19	9	6	28	0	
19	9	6	29	0	
19	9	6	27	0	
21	7	7	31	0	
20	6	7	33	0	
19	7	7	34	0	
16	7	7	39	4	
17	7	7	40	4	
16	7	7	37	4	
17	5	7	36	4	
16	6	8	30	0	
19	6	7	29	0	
22	5	6	29	0	
25	5	5	27	0	
19	7	6	34	0	
18	8	5	35	0	
21	7	4	31	0	
19	7	6	34	0	
22	7	8	32	0	
22	9	8	32	0	
22	8	9	29	0	
19	10	10	31	0	
18	10	11	32	0	
17	10	12	33	0	
19	12	12	35	0	
21	11	13	36	0	
19	11	11	35	0	
18	12	11	33	0	
16	12	9	35	4	
16	10	9	37	4	
16	9	7	34	0	
15	10	7	31	0	
17	13	5	33	0	
17	14	6	34	0	
15	13	8	32	0	
13	14	6	33	4	
16	16	6	36	4	
17	14	6	36	4	
16	15	6	38	4	
17	17	5	37	4	
15	14	5	34	4	
17	14	5	36	4	
19	12	7	37	0	
16	11	8	34	0	
15	12	8	36	4	
15	12	6	34	4	
12	12	8	35	4	
11	12	9	35	4	
11	13	9	30	4	
12	12	11	30	4	
12	11	13	31	4	
11	11	13	30	4	
11	11	14	29	0	
13	11	15	31	0	
12	12	17	31	0	
15	11	18	32	0	
15	11	19	29	0	
13	13	19	32	0	
13	13	19	31	0	
11	15	19	30	0	
12	16	18	34	0	
13	15	18	33	0	
14	15	17	33	0	
15	10	18	32	0	
15	10	20	35	0	
15	9	20	36	0	
18	8	17	31	0	
21	8	17	32	0	
21	9	18	32	0	
20	11	18	31	0	
17	11	17	29	0	
19	12	16	34	0	
15	12	14	35	4	
16	12	11	33	0	
17	11	13	31	0	
18	14	12	34	0	
18	14	10	37	0	
16	15	12	35	4	
19	11	12	34	0	
22	11	12	37	0	
20	11	15	36	0	
17	10	11	33	0	
15	12	10	35	4	
17	11	9	38	4	
19	11	10	38	0	
18	10	10	38	4	
17	12	11	36	4	
18	10	16	35	0	
17	10	12	36	4	
15	12	10	34	4	
16	11	11	32	0	
17	12	10	28	0	
18	14	9	26	0	
19	15	7	27	0	
17	16	7	24	0	
16	17	7	23	0	
17	19	8	23	0	
16	18	10	24	0	
14	17	11	24	0	
13	17	12	26	0	
12	19	18	26	0	
15	18	16	24	0	
15	16	17	23	0	
14	18	16	27	0	
10	17	14	27	0	
10	19	13	24	0	
11	14	11	20	0	
8	14	8	23	0	
9	15	8	21	0	
8	15	9	22	0	
8	13	9	19	0	
10	13	10	23	0	
11	14	10	22	0	
9	14	12	21	0	
8	15	13	22	0	
7	14	13	21	0	
8	17	13	21	0	
6	16	14	22	0	
8	15	15	24	0	
10	17	15	20	0	
11	21	17	20	0	
10	22	18	18	0	
11	20	18	18	0	
10	18	19	18	0	
12	18	17	17	0	
12	17	19	20	0	
12	19	16	20	0	
11	16	11	19	0	
12	15	12	17	0	
15	12	12	19	0	
14	11	11	21	0	
14	12	10	22	0	
15	12	12	20	0	
15	14	13	21	0	
13	14	13	21	0	
12	15	13	20	0	
12	16	14	21	0	
13	18	15	24	0	
14	18	19	23	0	
13	16	18	21	0	
15	13	18	24	0	
14	14	16	24	0	
16	16	18	23	0	
15	15	21	22	0	
14	13	19	24	0	
13	13	22	20	0	
13	13	25	21	0	
13	12	23	21	0	
13	13	24	22	0	
13	15	23	19	0	
11	15	22	18	0	
11	15	27	18	0	
12	16	28	22	0	
10	14	30	23	0	
11	16	31	24	0	
11	14	30	22	0	
10	14	30	22	0	
10	13	31	21	0	
9	15	29	20	0	
9	16	31	20	0	
8	18	29	21	0	
6	16	29	20	0	
5	14	26	23	0	
7	18	26	22	0	
8	15	26	20	0	
8	13	28	20	0	
9	16	29	25	0	
9	14	31	25	0	
7	16	29	25	0	
9	15	31	27	0	
9	14	32	24	0	
9	13	30	22	0	
8	12	28	20	0	
10	14	30	20	0	
10	14	33	21	0	
9	15	34	19	0	
7	16	31	19	0	
7	18	30	19	0	
8	19	30	16	0	
9	19	32	17	0	
10	18	35	16	0	
10	18	33	15	0	
11	17	33	13	0	
11	18	34	13	0	
12	17	33	13	0	
10	17	36	12	3	
10	18	38	13	3	
12	18	34	14	0	
12	20	33	13	0	
10	21	29	16	0	
9	20	30	14	0	
11	19	30	12	0	
10	21	31	11	0	
9	20	32	11	0	
7	21	31	12	0	
9	21	29	14	0	
10	21	31	13	0	
10	20	29	14	0	
9	19	27	13	0	
11	23	25	12	0	
10	21	23	14	0	
10	20	24	13	0	
9	20	24	12	0	
7	18	23	13	0	
8	17	25	15	0	
6	21	26	13	0	
5	19	27	11	0	
5	21	31	12	0	
4	17	30	14	0	
4	18	28	14	0	
5	19	28	15	0	
5	20	29	15	0	
6	23	32	13	0	
7	22	32	11	0	
8	21	34	11	0	
10	22	32	9	0	
8	22	34	8	0	
9	22	34	10	0	
9	19	33	9	0	
8	19	34	8	0	
7	18	31	8	0	
8	20	34	9	0	
10	20	36	7	0	
10	21	33	8	0	
10	25	32	9	0	
12	21	32	9	0	
10	21	35	11	0	
11	18	32	11	0	
14	18	31	10	0	
14	20	32	11	0	
16	18	29	10	0	
17	16	27	9	0	
18	14	31	9	0	
17	17	30	9	0	
20	17	30	10	0	
19	17	28	8	0	
20	19	27	7	0	
22	16	26	9	0	
21	18	23	10	0	
19	19	22	10	0	
22	21	21	11	0	
24	20	17	12	0	
19	19	16	12	0	
19	21	16	12	0	
17	22	15	12	0	
19	25	13	10	0	
20	24	12	8	0	
20	22	14	6	0	
21	20	14	8	0	
20	22	13	7	0	
20	29	11	7	0	
20	31	10	8	0	
21	31	11	9	0	
19	32	9	10	0	
19	37	8	9	0	
19	37	7	11	0	
18	38	7	11	2	
18	39	6	12	2	
19	39	6	11	2	
21	37	7	10	0	
19	37	7	9	0	
15	34	5	11	2	
16	33	3	11	0	
16	29	3	13	0	
19	30	4	14	0	
23	32	4	14	0	
21	35	4	13	0	
21	33	4	15	0	
21	31	4	15	0	
22	28	5	16	0	
23	27	7	17	0	
20	31	5	16	0	
21	28	3	18	0	
22	28	5	17	0	
22	26	4	17	0	
25	24	4	14	0	
26	22	4	14	0	
28	19	6	12	0	
33	19	4	12	0	
32	13	3	12	1	
30	13	2	16	0	
29	11	2	14	0	
27	12	2	15	0	
28	11	2	15	0	
28	11	2	12	0	
30	11	2	15	0	
28	13	4	16	0	
26	14	4	15	0	
24	13	4	15	0	
21	11	5	18	0	
21	13	5	19	0	
20	17	6	19	0	
17	15	7	15	0	
18	15	9	14	0	
16	18	11	16	0	
15	19	10	16	0	
16	21	12	18	0	
19	25	13	18	0	
18	23	13	18	0	
18	27	14	18	0	
17	26	13	17	0	
16	27	13	17	0	
16	26	12	22	0	
17	26	11	25	0	
15	28	10	25	0	
18	29	13	26	0	
16	28	11	26	0	
15	29	11	24	0	
14	28	10	24	0	
17	25	11	21	0	
18	27	10	19	0	
18	25	9	20	0	
18	21	12	19	0	
15	22	12	20	0	
17	20	13	21	0	
18	19	14	22	0	
17	20	13	21	0	
15	22	12	21	0	
16	22	10	22	0	
15	20	9	21	0	
15	21	9	18	0	
13	23	9	20	0	
12	20	8	22	0	
14	20	8	22	0	
13	19	7	27	0	
13	20	9	28	0	
13	17	8	27	0	
13	18	11	26	0	
10	20	11	25	0	
9	19	13	21	0	
8	20	13	21	0	
9	24	14	21	0	
10	21	11	20	0	
8	20	12	21	0	
8	20	15	21	0	
7	20	14	25	0	
7	24	14	28	0	
7	25	14	25	0	
7	29	13	20	0	
6	31	14	22	0	
7	30	15	21	0	
7	33	13	21	0	
6	33	13	20	0	
6	31	14	22	0	
6	32	15	23	0	
5	31	15	20	0	
5	33	17	21	0	
5	31	19	17	0	
5	34	17	17	0	
5	30	19	15	0	
5	33	21	13	0	
5	35	21	13	0	
8	33	21	13	0	
7	33	20	13	0	
8	35	18	11	0	
8	33	19	12	0	
8	34	17	10	0	
8	34	14	8	2	
13	33	14	8	2	
14	29	14	7	0	
14	30	18	7	0	
16	28	16	7	0	
16	26	19	5	0	
15	25	18	5	0	
15	29	17	4	0	
15	28	15	5	0	
14	28	14	5	0	
14	28	13	5	0	
15	33	13	7	2	
15	32	11	5	0	
17	36	10	6	2	
16	32	9	6	0	
18	34	11	7	0	
16	31	11	8	0	
18	31	12	8	0	
20	31	10	7	0	
20	29	10	8	0	
21	28	9	6	0	
20	25	11	5	0	
19	25	9	4	0	
17	25	11	6	0	
19	28	12	7	0	
20	30	11	6	0	
20	31	10	7	0	
18	28	12	8	0	
16	28	10	8	0	
17	28	10	8	0	
15	31	11	8	0	
15	24	10	8	0	
16	22	14	8	0	
14	22	13	8	0	
16	22	14	7	0	
15	25	14	8	0	
12	24	15	8	0	
12	23	17	8	0	
16	27	19	7	0	
18	32	18	9	0	
14	36	16	10	2	
16	36	17	10	2	
13	37	18	12	0	
14	36	15	14	2	
12	36	14	16	2	
12	37	12	14	2	
10	33	13	13	2	
11	32	12	10	2	
