1	0	0	0	0	
2	0	0	0	0	
2	0	1	0	0	
3	0	2	0	0	
3	1	2	0	0	
3	2	2	0	0	
4	1	3	1	0	
4	2	5	0	0	
4	3	5	0	0	
5	4	6	0	0	
6	4	7	0	0	
8	5	7	0	0	
9	5	7	0	0	
13	7	7	0	0	
14	8	7	1	0	
16	9	10	1	0	
16	9	11	2	0	
18	10	12	2	0	
18	9	11	2	0	
21	11	9	2	0	
26	12	9	2	0	
25	13	10	4	0	
26	13	11	4	0	
22	13	14	3	0	
22	14	15	3	0	
20	14	17	4	0	
20	13	20	4	0	
19	13	16	5	0	
19	11	15	6	0	
19	10	15	7	0	
16	10	19	9	0	
13	10	20	9	0	
14	9	21	10	0	
14	9	20	8	0	
13	9	17	10	0	
13	8	17	11	0	
16	8	20	10	0	
15	9	20	9	0	
16	10	22	9	0	
16	9	25	8	0	
16	9	23	8	0	
15	7	23	8	0	
18	6	23	8	0	
19	6	25	7	0	
16	7	22	6	0	
17	9	25	7	0	
20	11	24	5	0	
20	10	23	6	0	
20	11	21	7	0	
20	9	23	7	0	
20	8	23	8	0	
19	8	21	8	0	
20	9	22	8	0	
21	9	22	9	0	
21	9	24	8	0	
20	9	21	11	0	
19	7	21	10	0	
19	7	19	10	0	
18	8	20	12	0	
17	7	19	14	0	
17	7	20	13	0	
16	6	20	13	0	
15	5	21	13	0	
14	6	22	13	0	
13	7	21	14	0	
16	8	22	15	0	
18	8	25	16	0	
18	9	29	14	0	
16	8	31	16	0	
19	7	31	16	0	
19	7	32	21	0	
21	8	34	19	0	
20	8	30	18	0	
19	9	32	19	0	
20	8	30	18	0	
22	9	30	15	0	
21	11	28	15	0	
22	12	30	15	0	
21	13	31	16	0	
21	11	31	17	0	
21	11	29	15	0	
22	12	32	13	0	
22	12	30	15	0	
21	11	32	15	0	
20	11	31	12	0	
21	11	33	12	0	
22	9	34	12	0	
21	8	33	10	0	
23	6	32	11	0	
20	5	30	12	0	
18	4	31	14	0	
19	5	27	13	0	
20	7	28	14	0	
16	7	29	13	0	
14	8	31	13	0	
13	8	29	15	0	
17	10	31	16	0	
17	10	32	16	0	
17	9	32	17	0	
16	8	33	16	0	
16	8	32	17	0	
17	9	34	20	0	
17	9	28	21	0	
19	9	30	18	0	
19	9	30	18	0	
18	9	30	17	0	
17	10	27	16	0	
17	10	28	13	0	
16	11	28	13	0	
17	10	29	18	0	
18	10	27	16	0	
18	12	28	13	0	
20	11	29	12	0	
20	12	27	11	0	
21	11	28	10	0	
19	11	28	7	0	
17	11	31	8	0	
16	12	33	10	0	
16	13	27	12	0	
18	11	28	13	0	
18	10	27	13	0	
20	10	30	15	0	
20	9	31	17	0	
18	10	29	16	0	
21	13	27	16	0	
21	14	24	15	0	
20	14	24	14	0	
19	16	29	13	0	
18	15	25	11	0	
15	16	25	10	0	
15	18	26	10	0	
17	16	25	8	0	
19	15	26	8	0	
19	16	28	9	0	
21	16	29	7	0	
20	14	27	7	0	
19	14	28	7	0	
18	17	27	9	0	
13	18	28	9	0	
11	15	28	10	0	
10	16	24	10	0	
9	17	21	10	0	
10	18	21	11	0	
11	17	20	12	0	
9	17	19	11	0	
9	18	18	10	0	
9	20	19	12	0	
9	25	18	9	0	
9	25	19	12	0	
10	24	18	14	0	
12	26	15	12	0	
9	25	16	12	0	
8	26	17	17	0	
9	25	21	19	0	
9	29	21	19	0	
8	28	20	20	0	
8	25	19	19	0	
9	24	21	21	0	
12	26	21	22	0	
12	28	20	22	0	
12	28	20	19	0	
12	26	18	21	0	
12	28	17	23	0	
10	28	15	21	0	
11	25	15	17	0	
12	26	14	20	0	
11	24	13	18	0	
13	21	14	20	0	
13	22	14	21	0	
14	18	15	17	0	
17	17	16	16	0	
18	18	16	20	0	
18	18	17	19	0	
22	16	15	19	0	
24	16	14	20	0	
21	15	11	19	0	
22	15	11	21	0	
21	16	12	22	0	
19	14	10	21	0	
20	15	11	22	0	
19	14	11	23	0	
17	17	10	21	0	
19	15	11	21	0	
20	15	9	21	0	
21	15	13	19	0	
20	16	10	18	0	
19	16	9	16	0	
17	16	9	18	0	
17	13	9	18	0	
17	13	10	20	0	
17	14	10	21	0	
17	15	10	23	0	
17	18	10	24	0	
19	17	13	26	0	
20	18	13	25	0	
19	20	13	24	0	
16	20	13	24	0	
14	23	12	22	0	
17	20	12	22	0	
20	18	12	24	0	
19	21	12	22	0	
16	22	11	23	0	
19	21	11	22	0	
18	19	12	17	0	
15	18	12	17	0	
14	20	11	16	0	
12	20	12	14	0	
15	18	12	14	0	
13	18	13	14	0	
11	19	12	19	0	
11	20	12	19	0	
12	22	12	18	0	
14	25	12	19	0	
15	23	14	20	0	
16	24	15	19	0	
18	22	15	13	0	
16	23	15	15	0	
15	18	18	16	0	
15	18	16	14	0	
14	15	17	15	0	
15	16	19	13	0	
13	16	19	15	0	
14	17	17	15	0	
15	17	18	16	0	
14	16	18	18	0	
14	18	18	17	0	
16	20	18	17	0	
17	21	19	15	0	
15	22	21	13	0	
16	24	22	16	0	
18	23	22	15	0	
20	24	23	17	0	
18	28	22	19	0	
19	27	20	16	0	
18	27	23	14	0	
19	25	23	13	0	
16	23	25	14	0	
16	25	20	15	0	
14	24	23	13	0	
17	21	20	12	0	
16	18	20	12	0	
16	21	18	13	0	
17	20	20	12	0	
13	20	17	14	0	
12	20	15	11	0	
14	19	14	11	0	
16	25	12	10	0	
19	27	13	10	0	
19	26	14	11	0	
18	25	14	12	0	
21	27	15	12	0	
18	26	16	13	0	
20	26	15	10	0	
20	27	14	11	0	
18	26	16	10	0	
20	24	17	10	0	
22	26	15	12	0	
20	23	18	12	0	
19	24	17	13	0	
16	22	18	13	0	
18	20	20	14	0	
21	18	19	12	0	
21	19	17	12	0	
20	20	21	12	0	
22	22	19	13	0	
23	20	20	15	0	
22	19	21	14	0	
23	17	22	11	0	
22	17	23	10	0	
19	19	23	11	0	
17	18	23	10	0	
16	17	23	11	0	
18	16	21	9	0	
20	16	17	11	0	
21	17	16	11	0	
21	19	15	12	0	
21	23	17	14	0	
20	23	21	15	0	
19	20	21	15	0	
19	21	18	17	0	
20	20	19	17	0	
20	21	17	16	0	
21	22	16	16	0	
19	22	19	16	0	
15	20	18	13	0	
17	19	18	14	0	
18	17	16	18	0	
18	16	18	16	0	
20	16	18	15	0	
18	17	17	17	0	
18	17	17	18	0	
20	16	19	16	0	
23	17	18	15	0	
23	16	19	16	0	
22	15	13	15	0	
23	15	13	16	0	
23	15	15	11	0	
21	16	17	10	0	
20	20	20	10	0	
18	19	18	12	0	
17	17	18	11	0	
19	17	22	11	0	
18	17	23	12	0	
18	13	21	9	0	
18	16	16	11	0	
18	14	15	12	0	
19	11	18	14	0	
18	11	19	15	0	
18	11	17	16	0	
18	11	18	17	0	
20	11	17	17	0	
23	10	18	21	0	
22	10	18	22	0	
25	11	21	19	0	
23	11	20	21	0	
20	12	18	21	0	
17	11	18	21	0	
19	12	16	21	0	
18	9	17	22	0	
16	7	22	23	0	
17	8	24	25	0	
17	11	24	22	0	
17	10	24	23	0	
16	11	21	23	0	
14	10	21	21	0	
13	11	21	25	0	
14	11	21	25	0	
10	9	21	26	0	
11	8	23	26	0	
11	8	25	27	0	
11	8	25	28	0	
9	8	25	26	0	
9	10	24	27	0	
9	10	27	28	0	
9	11	29	25	0	
8	11	31	29	0	
7	10	30	25	0	
7	11	22	28	0	
8	13	21	27	0	
9	15	23	23	0	
11	13	21	20	0	
8	10	22	19	0	
8	10	21	23	0	
9	9	22	26	0	
9	11	19	27	0	
7	13	20	29	0	
7	15	19	30	0	
8	15	17	29	0	
8	18	19	29	0	
8	18	23	30	0	
9	17	20	30	0	
10	19	18	30	0	
9	22	20	29	0	
10	23	20	32	0	
9	21	21	28	0	
11	24	21	28	0	
11	23	17	29	0	
10	21	17	26	0	
12	20	19	29	0	
10	20	20	31	0	
10	20	19	28	0	
9	19	19	26	0	
10	17	18	27	0	
9	17	17	26	0	
9	18	16	28	0	
8	18	15	26	0	
7	19	16	23	0	
9	18	16	23	0	
11	18	15	19	0	
12	16	16	21	0	
13	16	18	23	0	
11	15	17	23	0	
11	15	14	22	0	
10	16	16	24	0	
10	16	18	24	0	
12	13	20	25	0	
12	13	21	27	0	
11	12	24	29	0	
9	14	24	28	0	
11	14	25	27	0	
11	12	26	26	0	
13	12	25	24	0	
13	12	24	26	0	
16	11	22	26	0	
16	12	26	23	0	
17	12	26	23	0	
16	8	27	23	0	
17	11	28	25	0	
18	11	26	26	0	
18	12	27	26	0	
18	13	23	24	0	
17	15	20	24	0	
18	16	17	21	0	
17	17	18	20	0	
18	16	15	20	0	
15	14	12	23	0	
13	12	13	19	0	
13	13	15	15	0	
14	14	14	16	0	
13	14	14	18	0	
16	15	16	21	0	
15	14	15	23	0	
14	18	13	23	0	
12	19	14	20	0	
14	19	14	22	0	
14	19	16	21	0	
14	20	14	21	0	
16	21	14	21	0	
18	22	12	21	0	
17	24	14	23	0	
16	23	17	22	0	
17	23	18	21	0	
17	19	19	19	0	
22	20	16	14	0	
23	17	15	13	0	
24	17	14	14	0	
24	19	14	17	0	
26	20	16	20	0	
24	20	17	18	0	
23	18	18	16	0	
21	21	18	17	0	
20	19	17	17	0	
23	20	17	18	0	
22	19	16	17	0	
19	22	12	16	0	
19	23	15	14	0	
20	22	17	15	0	
21	22	15	15	0	
22	23	13	15	0	
21	23	11	14	0	
22	23	8	13	0	
20	21	9	12	0	
22	18	9	12	0	
22	21	9	13	0	
18	22	8	15	0	
15	23	8	15	0	
13	18	8	15	0	
14	21	9	15	0	
17	22	10	14	0	
15	23	8	12	0	
14	25	8	12	0	
15	25	7	11	0	
17	28	7	14	0	
15	27	7	15	0	
16	27	7	17	0	
16	26	8	20	0	
17	29	8	20	0	
18	31	7	21	0	
16	30	9	21	0	
19	32	7	20	0	
18	32	9	16	0	
20	30	9	16	0	
21	28	10	15	0	
19	32	11	15	0	
18	30	10	13	0	
20	35	12	13	0	
24	35	12	13	0	
23	33	10	14	0	
21	34	8	9	0	
19	30	7	9	0	
19	31	4	10	0	
19	30	4	10	0	
21	26	3	12	0	
24	26	5	11	0	
23	26	5	13	0	
21	24	5	15	0	
21	26	5	14	0	
21	23	5	14	0	
23	25	5	15	0	
23	23	4	15	0	
23	21	4	15	0	
23	20	5	12	0	
21	18	6	12	0	
22	16	7	13	0	
24	15	8	15	0	
24	17	10	15	0	
24	19	10	16	0	
24	20	8	15	0	
22	20	10	14	0	
22	18	9	15	0	
21	19	8	15	0	
22	18	8	17	0	
24	18	9	19	0	
23	18	10	21	0	
21	22	7	18	0	
20	23	7	18	0	
19	26	6	18	0	
18	24	4	20	0	
17	21	4	20	0	
15	22	3	22	0	
15	19	4	21	0	
16	21	4	22	0	
15	22	4	23	0	
18	18	4	24	0	
16	20	6	24	0	
20	19	7	20	0	
19	18	8	20	0	
18	20	11	23	0	
18	16	11	22	0	
17	17	13	24	0	
17	17	10	22	0	
19	17	9	24	0	
14	16	9	24	0	
12	19	7	23	0	
8	18	7	24	0	
10	18	8	24	0	
11	18	9	23	0	
12	20	9	17	0	
11	17	7	17	0	
11	18	8	19	0	
11	19	10	21	0	
14	19	12	23	0	
17	20	11	25	0	
16	20	12	23	0	
17	19	13	24	0	
16	21	14	24	0	
16	22	16	25	0	
17	21	16	30	0	
19	21	18	28	0	
20	20	16	27	0	
21	17	12	27	0	
21	17	12	27	0	
18	16	13	27	0	
18	16	13	23	0	
19	16	11	21	0	
20	18	14	20	0	
17	18	15	25	0	
15	16	15	23	0	
15	17	15	26	0	
17	18	16	26	0	
16	16	14	24	0	
15	16	15	22	0	
13	14	16	21	0	
14	15	16	19	0	
14	16	16	19	0	
11	18	11	17	0	
11	19	14	19	0	
13	22	15	17	0	
12	21	20	17	0	
14	21	18	14	0	
16	18	17	14	0	
19	18	19	14	0	
20	17	18	12	0	
18	19	17	11	0	
17	19	21	13	0	
17	21	22	12	0	
16	19	21	14	0	
17	18	17	13	0	
17	18	15	14	0	
14	19	15	15	0	
14	19	16	13	0	
15	21	17	12	0	
16	22	18	11	0	
17	21	16	12	0	
15	20	16	14	0	
15	23	15	13	0	
14	23	14	12	0	
13	24	13	12	0	
15	26	14	13	0	
16	28	15	15	0	
14	25	14	15	0	
14	25	14	14	0	
14	22	15	9	0	
15	22	17	9	0	
16	23	18	11	0	
17	23	19	13	0	
18	22	16	13	0	
18	24	18	13	0	
20	25	17	13	0	
21	25	18	12	0	
19	24	18	12	0	
17	24	20	10	0	
16	25	24	10	0	
17	22	24	8	0	
17	23	22	7	0	
17	24	23	7	0	
15	27	19	9	0	
17	24	19	9	0	
17	23	17	10	0	
15	22	17	11	0	
16	22	17	11	0	
15	25	17	10	0	
15	23	16	12	0	
13	23	17	14	0	
16	22	19	15	0	
14	24	21	16	0	
14	24	23	17	0	
14	23	21	16	0	
15	26	17	16	0	
13	24	18	14	0	
14	21	20	17	0	
15	23	17	16	0	
19	25	16	16	0	
23	26	15	14	0	
21	26	16	13	0	
21	26	17	14	0	
22	26	17	14	0	
19	24	16	18	0	
17	24	16	18	0	
19	28	14	15	0	
17	28	13	14	0	
18	27	12	15	0	
17	23	13	18	0	
16	24	13	17	0	
17	21	13	18	0	
17	19	13	20	0	
19	18	13	21	0	
19	16	14	20	0	
18	15	14	21	0	
20	12	13	25	0	
18	12	13	23	0	
19	15	12	25	0	
19	17	13	23	0	
20	17	13	25	0	
20	18	15	25	0	
20	22	16	25	0	
20	20	14	24	0	
18	20	15	27	0	
17	23	13	24	0	
19	21	13	25	0	
24	22	14	24	0	
21	21	14	23	0	
22	22	11	21	0	
18	22	12	22	0	
16	18	12	20	0	
17	16	11	25	0	
15	14	11	26	0	
16	14	11	27	0	
15	16	13	28	0	
14	15	14	30	0	
14	14	10	31	0	
15	17	11	33	0	
17	15	12	32	0	
16	16	13	35	4	
15	17	12	38	4	
15	17	11	38	4	
15	17	12	38	4	
16	16	12	39	4	
16	15	12	42	4	
14	16	13	42	4	
17	16	13	42	4	
15	15	13	41	4	
19	14	14	39	4	
18	14	12	34	0	
21	15	13	32	0	
19	15	12	29	0	
19	17	11	29	0	
18	16	11	25	0	
20	20	12	24	0	
21	19	11	26	0	
22	18	11	27	0	
23	18	12	24	0	
20	22	11	26	0	
19	22	11	26	0	
17	25	11	27	0	
16	23	9	28	0	
15	23	9	28	0	
15	24	9	28	0	
15	23	8	29	0	
18	22	10	27	0	
19	22	9	28	0	
19	25	9	26	0	
21	26	10	25	0	
18	26	8	25	0	
15	20	9	26	0	
16	20	10	25	0	
14	21	11	26	0	
11	23	12	23	0	
12	20	12	23	0	
12	18	12	28	0	
10	16	12	25	0	
9	16	12	25	0	
10	18	12	23	0	
10	18	13	25	0	
10	22	13	26	0	
10	25	13	24	0	
8	28	13	19	0	
8	27	10	22	0	
8	22	10	19	0	
8	23	12	20	0	
7	19	11	21	0	
6	19	10	20	0	
6	20	6	18	0	
7	15	7	16	0	
8	16	8	16	0	
10	17	8	13	0	
12	17	9	13	0	
11	17	9	14	0	
12	16	9	17	0	
14	16	9	17	0	
15	17	10	15	0	
15	17	13	16	0	
15	19	14	16	0	
16	16	13	14	0	
17	16	14	13	0	
17	16	15	15	0	
16	14	18	17	0	
16	14	17	15	0	
15	18	19	16	0	
15	15	17	17	0	
13	13	17	17	0	
13	12	16	16	0	
12	10	17	18	0	
13	9	15	19	0	
11	10	17	17	0	
12	9	15	18	0	
12	9	15	18	0	
10	9	15	21	0	
13	9	13	22	0	
13	7	13	22	0	
10	8	15	20	0	
10	9	14	24	0	
8	10	15	24	0	
5	10	16	23	0	
5	9	14	27	0	
4	8	15	27	0	
5	10	16	29	0	
5	11	15	30	0	
5	13	13	28	0	
4	17	15	28	0	
3	18	14	33	0	
2	19	13	31	0	
2	19	14	28	0	
1	21	14	27	0	
1	22	16	30	0	
1	23	16	30	0	
1	25	18	27	0	
1	26	17	27	0	
2	26	18	24	0	
2	22	20	23	0	
2	23	21	26	0	
2	23	20	24	0	
2	20	21	27	0	
2	21	21	33	0	
2	23	20	34	0	
1	23	18	36	0	
1	21	17	33	0	
2	24	18	29	0	
1	27	17	30	0	
0	26	16	29	0	
0	27	12	31	0	
0	23	11	35	0	
0	26	11	34	0	
0	20	13	31	0	
0	21	12	36	0	
0	23	13	33	0	
0	26	13	34	0	
0	26	13	35	0	
0	24	16	35	0	
0	23	15	31	0	
2	26	20	29	0	
2	21	17	32	0	
2	22	19	29	0	
2	21	18	25	0	
3	22	21	25	0	
3	20	22	23	0	
3	19	25	25	0	
4	19	24	23	0	
4	20	24	23	0	
4	17	21	23	0	
5	18	22	25	0	
6	18	19	27	0	
6	16	16	24	0	
8	18	15	26	0	
9	17	15	29	0	
7	19	13	29	0	
8	21	12	31	0	
9	20	10	28	0	
8	24	8	31	0	
9	22	10	30	0	
8	21	9	29	0	
6	24	10	31	0	
7	28	10	36	0	
6	29	6	37	0	
8	31	5	34	0	
7	32	5	35	0	
7	35	5	37	0	
8	33	5	37	0	
9	35	5	33	0	
8	32	5	36	0	
6	31	5	34	0	
6	31	4	32	0	
7	33	4	31	0	
8	30	5	31	0	
6	30	4	31	0	
5	34	4	31	0	
4	32	6	29	0	
5	32	5	32	0	
5	33	3	32	0	
6	32	5	35	0	
6	27	4	37	0	
6	26	4	37	0	
9	25	4	36	0	
8	21	4	38	0	
6	22	6	38	0	
7	22	6	38	0	
6	24	7	33	0	
8	24	6	34	0	
8	24	6	37	0	
9	21	6	39	0	
6	19	8	40	4	
6	18	10	40	4	
7	21	10	36	0	
7	20	12	32	0	
7	18	12	36	0	
6	18	11	39	4	
5	20	11	34	0	
4	21	10	35	0	
5	20	11	36	0	
6	22	11	29	0	
5	21	11	27	0	
5	21	11	25	0	
6	22	11	25	0	
6	21	13	26	0	
6	23	13	26	0	
5	20	14	27	0	
6	19	16	29	0	
8	19	17	32	0	
8	22	14	33	0	
7	18	14	28	0	
8	19	14	29	0	
8	20	15	30	0	
7	20	14	30	0	
8	19	14	31	0	
9	19	13	28	0	
8	19	12	23	0	
8	22	10	25	0	
7	21	11	24	0	
6	23	10	24	0	
8	20	9	25	0	
9	21	9	28	0	
9	23	11	31	0	
10	23	12	30	0	
11	24	12	28	0	
12	23	11	30	0	
13	23	11	32	0	
14	22	13	29	0	
12	25	14	29	0	
11	25	13	27	0	
12	24	13	30	0	
14	22	13	28	0	
13	20	10	26	0	
11	22	10	28	0	
12	26	12	24	0	
12	26	13	27	0	
11	24	11	25	0	
8	26	13	28	0	
7	24	17	27	0	
7	22	14	26	0	
6	24	12	27	0	
7	21	13	25	0	
7	20	15	26	0	
7	21	15	26	0	
6	19	16	28	0	
8	18	18	30	0	
8	19	18	27	0	
10	20	17	28	0	
9	19	17	28	0	
9	20	18	27	0	
7	23	18	23	0	
8	22	19	19	0	
5	17	20	20	0	
5	20	23	19	0	
7	20	23	16	0	
9	17	20	15	0	
9	16	19	18	0	
11	16	21	19	0	
12	19	23	20	0	
12	15	23	22	0	
12	12	20	22	0	
12	11	22	25	0	
12	11	20	22	0	
13	14	17	21	0	
11	15	17	21	0	
10	16	15	22	0	
8	19	17	23	0	
9	21	16	21	0	
11	17	17	18	0	
11	20	14	17	0	
9	18	12	18	0	
9	18	13	19	0	
5	17	15	19	0	
6	20	18	19	0	
6	21	18	19	0	
7	22	17	20	0	
6	23	16	16	0	
7	23	20	15	0	
10	23	14	14	0	
9	23	15	15	0	
10	24	16	15	0	
9	26	15	17	0	
9	26	17	16	0	
9	24	18	14	0	
8	26	19	14	0	
9	25	21	15	0	
9	24	21	15	0	
8	24	20	15	0	
8	21	22	17	0	
7	19	27	17	0	
8	18	21	16	0	
8	19	20	18	0	
6	20	21	16	0	
6	19	23	19	0	
6	19	22	20	0	
8	18	23	18	0	
8	20	21	20	0	
6	22	21	20	0	
5	19	20	22	0	
7	16	21	24	0	
9	19	19	23	0	
9	19	20	23	0	
7	21	21	21	0	
7	25	19	22	0	
8	26	21	20	0	
10	27	21	21	0	
9	27	18	21	0	
10	27	19	22	0	
10	27	18	21	0	
10	26	16	19	0	
9	25	15	21	0	
8	28	14	20	0	
9	25	13	23	0	
9	25	12	20	0	
12	25	13	23	0	
12	23	14	22	0	
13	24	13	18	0	
9	27	12	18	0	
8	25	11	14	0	
9	27	14	14	0	
8	29	13	17	0	
8	29	15	17	0	
9	28	15	16	0	
10	26	13	16	0	
11	28	10	14	0	
10	27	11	14	0	
8	28	13	11	0	
7	29	14	10	0	
7	30	11	10	2	
6	35	12	10	2	
7	32	11	10	2	
7	32	11	9	2	
10	30	11	9	2	
12	31	12	9	2	
14	29	12	9	0	
12	28	11	9	0	
11	29	9	9	2	
9	28	10	11	2	
8	24	10	14	0	
5	27	7	16	0	
7	27	7	15	0	
7	30	5	21	0	
6	27	5	22	0	
5	31	5	22	0	
5	32	5	21	0	
5	32	5	23	0	
6	36	6	26	0	
5	36	6	24	0	
5	38	7	22	0	
6	34	7	22	0	
6	30	9	18	0	
6	29	7	17	0	
6	33	8	14	2	
6	33	6	15	2	
6	36	5	17	2	
5	37	5	18	0	
6	36	6	16	2	
5	41	6	15	2	
6	44	6	13	2	
7	44	7	13	2	
6	43	7	12	2	
5	46	7	12	2	
6	47	11	12	2	
6	41	11	13	2	
7	43	11	12	2	
7	41	11	13	2	
7	43	14	11	2	
7	46	14	10	2	
8	44	14	11	2	
7	41	13	11	2	
7	44	15	11	2	
5	41	16	11	2	
4	42	15	10	2	
5	41	17	12	2	
4	38	16	13	2	
4	37	16	13	2	
5	40	14	11	2	
7	39	11	12	2	
8	39	11	13	2	
6	39	11	17	2	
7	44	10	16	2	
7	47	8	16	2	
5	45	8	17	2	
4	41	7	19	2	
5	36	8	19	0	
4	36	9	20	0	
5	33	10	19	0	
6	35	12	17	0	
6	32	13	17	0	
4	35	12	19	0	
3	33	11	23	0	
