0	1	0	0	0	
1	0	0	0	0	
1	0	0	0	0	
2	0	0	0	0	
2	0	0	1	0	
2	0	0	2	0	
3	1	0	3	0	
2	1	0	4	0	
2	2	0	4	0	
2	3	1	4	0	
1	3	2	5	0	
1	4	2	6	0	
1	4	4	6	0	
2	4	4	7	0	
1	6	4	8	0	
1	5	4	10	0	
2	5	6	11	0	
2	7	6	10	0	
2	7	8	11	0	
2	7	8	13	0	
1	7	9	12	0	
0	8	7	13	0	
0	9	5	13	0	
0	11	5	14	0	
0	12	6	14	0	
0	14	5	15	0	
0	15	5	15	0	
0	16	4	15	0	
0	17	4	15	0	
0	15	4	15	0	
1	13	5	15	0	
1	14	6	15	0	
1	13	6	14	0	
3	12	8	15	0	
3	13	9	15	0	
2	17	9	16	0	
1	18	10	19	0	
1	20	12	18	0	
1	22	12	21	0	
2	22	18	23	0	
1	22	21	24	0	
1	20	20	28	0	
1	20	21	27	0	
2	16	17	30	0	
1	12	18	28	0	
2	13	21	28	0	
2	12	21	28	0	
3	13	23	25	0	
3	13	20	27	0	
4	14	19	30	0	
5	16	19	29	0	
6	17	15	34	0	
7	15	14	37	4	
8	16	13	38	4	
8	15	13	40	4	
9	15	12	40	4	
9	14	14	37	4	
9	15	13	37	4	
8	16	12	37	4	
10	16	13	31	0	
11	15	12	32	0	
9	17	12	35	0	
9	16	11	36	4	
10	17	12	32	0	
12	17	13	31	0	
11	17	12	29	0	
12	17	12	28	0	
12	16	11	30	0	
13	14	12	28	0	
13	16	14	29	0	
13	17	13	28	0	
13	17	15	29	0	
12	18	15	32	0	
11	17	15	31	0	
10	18	14	29	0	
10	16	14	28	0	
10	18	14	27	0	
9	17	15	25	0	
7	17	16	24	0	
10	16	18	23	0	
12	14	17	21	0	
11	16	13	19	0	
13	16	11	18	0	
10	16	12	18	0	
14	16	15	20	0	
15	16	15	21	0	
17	17	13	23	0	
18	20	9	26	0	
18	20	7	27	0	
15	20	8	28	0	
12	21	10	31	0	
14	22	11	34	0	
12	20	11	36	0	
12	18	12	38	4	
9	24	12	37	0	
9	22	14	35	0	
10	22	14	29	0	
10	21	13	30	0	
10	20	13	32	0	
10	20	15	38	0	
9	20	13	37	0	
10	20	11	35	0	
8	19	10	37	0	
7	21	11	41	0	
9	20	12	44	4	
7	21	10	42	4	
7	18	13	41	4	
7	15	13	42	4	
7	14	14	41	4	
7	14	16	42	4	
8	14	14	43	4	
7	15	15	39	4	
6	15	16	37	4	
7	14	15	34	4	
9	14	15	34	4	
9	12	15	39	4	
9	11	15	44	4	
8	12	16	45	4	
7	12	15	41	4	
7	13	17	40	4	
7	13	18	39	4	
8	12	19	35	0	
10	13	17	33	0	
8	15	19	31	0	
9	15	17	29	0	
11	16	18	29	0	
13	18	18	29	0	
16	20	18	30	0	
16	20	16	28	0	
14	17	16	29	0	
14	15	18	31	0	
14	14	16	34	0	
13	15	17	34	0	
14	16	16	34	0	
14	17	14	31	0	
15	18	14	31	0	
12	19	13	34	0	
12	18	12	33	0	
12	17	13	36	4	
13	17	11	33	0	
14	19	11	30	0	
12	21	11	30	0	
10	17	14	30	0	
10	18	14	26	0	
10	17	15	27	0	
9	16	17	28	0	
10	18	16	27	0	
10	17	18	25	0	
11	16	19	25	0	
13	16	24	22	0	
13	17	24	24	0	
13	18	23	24	0	
14	19	22	25	0	
13	18	23	19	0	
13	20	22	19	0	
14	18	23	18	0	
15	18	24	17	0	
17	20	23	16	0	
15	20	22	16	0	
14	19	22	20	0	
17	18	23	22	0	
15	20	25	18	0	
14	20	27	17	0	
13	20	29	17	0	
13	20	29	17	0	
10	21	31	17	0	
12	22	30	14	0	
12	20	31	12	0	
13	18	28	12	0	
11	18	27	13	0	
11	19	28	14	0	
11	15	27	14	0	
12	14	28	13	0	
12	16	28	14	0	
11	16	29	15	0	
10	17	31	14	0	
10	14	30	17	0	
9	16	33	13	0	
11	17	33	11	0	
11	15	33	12	3	
10	14	33	11	3	
10	17	30	7	0	
12	17	31	7	0	
12	17	32	9	0	
13	18	33	10	0	
11	20	34	10	0	
11	21	34	9	0	
11	18	35	8	0	
11	17	38	8	3	
12	17	37	8	3	
11	15	37	9	3	
11	15	38	9	3	
13	14	43	9	3	
11	14	41	8	3	
11	14	36	8	3	
11	14	40	10	3	
11	16	40	10	3	
10	14	39	9	3	
11	14	36	10	3	
12	15	35	11	3	
14	16	36	11	3	
14	14	36	9	3	
12	14	35	8	3	
12	11	36	8	3	
13	10	33	7	3	
12	8	31	7	3	
14	6	34	8	3	
14	7	33	9	3	
13	6	37	11	3	
14	8	38	12	3	
16	9	38	14	3	
16	8	37	16	3	
16	7	39	18	3	
16	8	37	13	3	
17	7	36	13	3	
15	7	38	15	3	
15	5	36	15	3	
17	5	35	17	0	
14	6	34	16	0	
12	5	33	15	3	
10	6	30	18	0	
9	6	33	17	0	
10	7	36	17	3	
10	7	36	19	0	
9	7	39	15	3	
10	8	38	15	3	
11	6	36	14	3	
12	8	35	11	3	
10	7	34	11	3	
10	8	36	12	3	
13	9	37	10	3	
13	8	36	12	3	
14	8	37	12	3	
17	8	36	14	3	
16	7	36	13	3	
17	8	36	12	3	
18	10	34	12	0	
18	8	38	11	3	
18	8	40	10	3	
19	7	43	10	3	
18	6	45	5	3	
18	6	45	6	3	
19	7	40	6	3	
24	6	40	5	0	
22	7	41	4	0	
17	6	44	4	3	
15	6	44	4	3	
16	6	48	5	3	
16	8	45	5	3	
18	9	47	3	3	
18	11	48	3	3	
17	9	46	3	3	
17	9	46	3	3	
17	9	41	3	3	
17	8	43	5	3	
19	8	46	5	3	
20	9	47	6	3	
21	7	44	5	3	
23	6	49	4	3	
20	5	48	5	3	
21	4	48	5	3	
18	4	48	6	3	
20	4	48	5	3	
23	4	49	4	3	
22	5	46	3	3	
23	3	46	3	3	
25	2	40	4	0	
26	2	37	5	0	
26	2	37	6	0	
30	3	36	6	0	
29	3	38	5	0	
28	4	40	6	0	
27	5	38	5	0	
26	5	40	4	0	
23	5	39	4	0	
19	6	37	4	0	
19	4	33	5	0	
19	5	32	5	0	
20	4	34	4	0	
20	4	33	4	0	
19	3	33	4	0	
18	2	35	4	0	
17	2	33	5	0	
21	4	32	7	0	
18	3	29	7	0	
19	3	31	7	0	
20	3	27	9	0	
22	3	30	9	0	
24	3	31	9	0	
28	3	30	9	0	
23	6	29	9	0	
25	6	31	9	0	
25	7	30	9	0	
26	6	30	9	0	
32	5	28	9	0	
30	5	28	9	0	
33	6	26	8	0	
32	9	22	5	0	
32	11	21	4	0	
37	11	20	4	0	
38	9	22	2	0	
38	11	24	2	0	
38	10	24	1	0	
40	8	22	1	0	
41	9	23	2	0	
41	5	24	2	0	
39	6	26	2	0	
42	7	26	2	0	
41	7	23	4	0	
44	6	22	3	1	
40	8	25	4	0	
37	6	26	5	0	
41	7	26	3	0	
38	7	26	3	0	
36	7	23	3	0	
36	8	25	3	0	
40	6	23	4	0	
41	9	23	4	0	
41	8	22	4	0	
40	8	24	4	0	
40	7	24	5	0	
36	7	21	4	0	
36	5	19	4	0	
33	7	20	5	0	
28	6	19	5	0	
25	5	19	4	0	
29	4	21	4	0	
30	3	17	4	0	
30	2	21	5	0	
31	3	21	5	0	
31	3	25	4	0	
33	3	24	5	0	
35	3	27	5	0	
33	5	26	5	0	
29	6	29	6	0	
28	7	30	6	0	
31	7	29	6	0	
27	6	28	6	0	
24	6	29	6	0	
25	5	28	6	0	
26	5	23	6	0	
24	5	23	5	0	
25	5	26	4	0	
27	5	26	3	0	
29	5	27	1	0	
29	5	29	1	0	
30	5	28	1	0	
31	6	27	1	0	
32	6	25	2	0	
32	6	23	3	0	
34	6	25	3	0	
35	7	29	4	0	
33	4	26	4	0	
33	5	24	4	0	
34	6	25	4	0	
34	8	25	3	0	
28	8	26	3	0	
29	7	26	3	0	
31	8	26	4	0	
35	9	26	5	0	
33	6	26	5	0	
33	8	26	5	0	
34	8	26	4	0	
33	8	22	5	0	
33	9	26	7	0	
34	9	28	6	0	
34	11	29	4	0	
31	12	26	5	0	
25	11	24	6	0	
25	9	23	5	0	
26	9	24	5	0	
24	9	22	8	0	
25	9	19	8	0	
27	9	17	8	0	
26	11	15	9	0	
28	12	15	9	0	
23	14	15	8	0	
21	15	18	7	0	
21	17	21	7	0	
21	17	21	8	0	
22	21	20	10	0	
20	19	18	11	0	
23	17	17	12	0	
25	17	18	8	0	
25	17	18	8	0	
21	15	19	7	0	
21	15	21	6	0	
22	13	19	5	0	
22	14	17	4	0	
20	15	20	7	0	
20	16	20	8	0	
18	14	23	9	0	
16	12	24	9	0	
19	12	25	8	0	
18	12	24	8	0	
17	13	22	9	0	
17	8	21	8	0	
15	8	20	9	0	
14	11	20	10	0	
15	13	20	12	0	
12	15	15	10	0	
16	13	19	11	0	
18	13	19	11	0	
21	13	20	11	0	
24	13	20	11	0	
23	13	22	11	0	
22	16	21	12	0	
24	14	24	12	0	
23	12	22	14	0	
21	12	22	16	0	
17	11	23	18	0	
15	12	19	17	0	
18	13	17	17	0	
18	13	18	18	0	
17	16	20	18	0	
18	14	18	16	0	
16	13	20	18	0	
19	14	20	16	0	
20	15	25	14	0	
20	15	24	14	0	
20	12	22	14	0	
21	12	22	14	0	
21	8	22	15	0	
20	9	21	14	0	
19	8	20	16	0	
18	9	23	18	0	
17	10	26	18	0	
17	11	25	19	0	
16	11	25	20	0	
15	12	28	19	0	
13	12	27	21	0	
14	12	24	21	0	
13	10	24	20	0	
12	11	27	20	0	
12	13	25	19	0	
13	16	26	18	0	
14	16	25	18	0	
16	13	23	19	0	
18	12	26	17	0	
14	10	29	16	0	
13	8	28	15	0	
16	9	27	15	0	
19	10	27	16	0	
21	9	26	17	0	
21	9	26	15	0	
20	10	24	16	0	
21	10	25	16	0	
19	10	27	18	0	
17	12	27	19	0	
17	13	26	15	0	
18	12	28	13	0	
17	12	25	14	0	
19	12	25	13	0	
20	12	26	14	0	
24	14	24	14	0	
23	12	27	12	0	
23	12	25	12	0	
23	14	22	10	0	
23	14	22	7	0	
25	15	21	9	0	
25	16	17	11	0	
25	17	18	11	0	
21	15	20	9	0	
22	15	20	9	0	
21	13	17	11	0	
22	13	18	12	0	
21	9	18	11	0	
21	9	16	12	0	
23	11	17	14	0	
21	13	15	14	0	
23	11	15	14	0	
25	13	18	16	0	
22	15	17	15	0	
25	17	17	14	0	
25	15	16	15	0	
23	18	15	15	0	
21	19	18	14	0	
19	19	17	14	0	
18	19	20	18	0	
19	18	20	18	0	
19	19	17	21	0	
20	19	17	22	0	
21	19	19	20	0	
20	21	19	20	0	
19	21	20	22	0	
19	20	21	20	0	
18	15	21	19	0	
19	17	20	21	0	
18	17	21	21	0	
15	16	22	21	0	
17	17	24	20	0	
14	17	24	20	0	
14	16	25	20	0	
14	20	24	18	0	
16	19	25	17	0	
15	20	23	16	0	
14	18	25	17	0	
14	19	21	19	0	
14	20	18	15	0	
14	22	19	14	0	
15	22	19	12	0	
15	22	18	13	0	
16	22	19	13	0	
16	22	19	16	0	
15	23	19	16	0	
19	26	20	13	0	
22	24	20	13	0	
22	23	19	13	0	
18	23	20	12	0	
19	23	20	11	0	
18	23	20	11	0	
14	22	18	14	0	
15	20	18	13	0	
18	17	22	14	0	
17	17	20	15	0	
18	19	20	15	0	
23	18	19	15	0	
21	19	22	13	0	
22	19	23	14	0	
23	20	23	12	0	
24	21	24	12	0	
26	22	23	13	0	
24	25	21	13	0	
21	26	18	12	0	
19	27	16	13	0	
17	25	16	14	0	
17	24	18	13	0	
15	25	14	13	0	
17	26	13	12	0	
16	26	16	13	0	
13	26	16	12	0	
14	28	15	14	0	
12	28	19	15	0	
12	27	20	14	0	
14	24	20	12	0	
14	25	18	12	0	
15	28	19	12	0	
14	27	18	12	0	
16	27	20	13	0	
14	26	17	12	0	
14	24	14	11	0	
17	22	13	10	0	
12	24	14	11	0	
12	23	11	9	0	
12	27	12	10	0	
12	29	15	9	0	
14	30	17	9	0	
17	27	17	10	0	
16	28	18	11	0	
17	27	18	12	0	
16	29	21	13	0	
15	29	19	13	0	
16	25	19	12	0	
16	21	20	12	0	
16	20	19	14	0	
15	19	20	11	0	
15	18	22	12	0	
15	18	20	11	0	
14	16	20	10	0	
14	14	22	13	0	
16	14	23	14	0	
19	15	21	16	0	
14	18	20	15	0	
14	17	21	13	0	
16	19	21	10	0	
15	16	20	10	0	
17	18	22	9	0	
17	19	23	9	0	
19	15	23	12	0	
17	16	19	10	0	
18	18	16	10	0	
19	18	14	10	0	
20	18	16	10	0	
17	16	19	10	0	
15	16	20	11	0	
15	14	20	9	0	
13	14	22	9	0	
13	17	20	9	0	
14	14	18	9	0	
14	12	18	10	0	
13	14	15	10	0	
12	13	15	11	0	
13	17	15	11	0	
14	21	11	10	0	
15	22	9	11	0	
17	23	10	12	0	
16	23	9	10	0	
17	24	9	11	0	
18	25	10	12	0	
16	23	11	11	0	
16	27	10	15	0	
16	27	12	15	0	
17	28	13	14	0	
19	30	14	15	0	
19	26	14	13	0	
22	27	15	13	0	
21	25	17	15	0	
22	21	16	14	0	
19	21	14	16	0	
21	21	13	16	0	
21	21	13	16	0	
20	17	13	15	0	
20	18	16	16	0	
18	17	17	14	0	
19	20	15	15	0	
21	22	18	13	0	
18	25	18	14	0	
17	26	21	15	0	
15	23	20	15	0	
13	23	20	14	0	
15	20	19	13	0	
15	17	18	12	0	
17	17	20	10	0	
18	16	23	11	0	
18	15	25	11	0	
16	16	26	11	0	
16	16	28	10	0	
18	15	29	9	0	
19	16	28	8	0	
19	16	32	7	0	
17	14	34	7	0	
15	15	37	7	3	
15	14	35	5	3	
15	16	30	5	0	
15	18	27	5	0	
12	19	27	7	0	
12	20	27	7	0	
10	21	24	7	0	
13	21	26	10	0	
11	21	29	10	0	
12	19	33	9	0	
14	19	34	9	0	
13	20	31	8	0	
16	20	31	8	0	
15	20	30	9	0	
13	20	28	9	0	
12	20	27	8	0	
12	20	24	8	0	
10	21	25	7	0	
10	21	23	8	0	
11	21	25	8	0	
10	20	24	10	0	
12	20	23	13	0	
12	16	22	15	0	
13	16	24	17	0	
14	18	25	18	0	
11	16	25	19	0	
9	17	29	20	0	
9	17	30	18	0	
9	15	26	20	0	
10	13	27	20	0	
12	11	29	18	0	
10	13	28	17	0	
11	13	30	18	0	
11	14	29	21	0	
12	15	31	23	0	
13	14	28	26	0	
12	12	32	27	0	
11	11	34	27	0	
12	8	31	27	0	
12	8	29	28	0	
11	9	28	30	0	
12	6	29	29	0	
12	6	29	30	0	
10	6	26	26	0	
9	8	28	24	0	
7	8	28	25	0	
9	8	26	33	0	
8	11	25	32	0	
8	14	22	32	0	
9	15	19	31	0	
11	13	21	32	0	
11	15	22	32	0	
11	14	21	32	0	
10	14	22	30	0	
10	13	23	33	0	
10	14	23	31	0	
9	15	18	30	0	
10	14	17	31	0	
11	15	18	33	0	
12	18	19	34	0	
12	16	19	33	0	
12	13	17	28	0	
11	16	17	26	0	
11	16	16	22	0	
11	16	12	25	0	
11	17	16	26	0	
13	16	14	26	0	
14	15	18	26	0	
14	16	16	23	0	
14	18	18	22	0	
15	18	13	21	0	
15	20	15	18	0	
17	21	15	19	0	
16	21	15	19	0	
16	19	12	21	0	
15	17	14	21	0	
16	13	15	20	0	
15	12	14	19	0	
17	12	15	20	0	
17	12	14	22	0	
13	12	12	26	0	
14	12	14	26	0	
14	13	12	26	0	
16	14	9	23	0	
19	16	8	22	0	
18	15	9	23	0	
18	19	9	22	0	
17	19	9	22	0	
17	18	9	22	0	
16	17	11	23	0	
17	19	10	22	0	
18	21	12	24	0	
19	19	13	24	0	
18	18	14	21	0	
17	16	11	23	0	
16	17	11	20	0	
16	19	11	20	0	
16	24	11	16	0	
12	22	11	17	0	
13	25	10	17	0	
12	25	11	15	0	
14	26	12	17	0	
15	27	12	20	0	
20	25	14	18	0	
18	27	12	18	0	
18	25	11	21	0	
17	22	13	20	0	
19	23	13	22	0	
19	22	16	20	0	
20	25	14	20	0	
19	26	14	19	0	
16	25	12	17	0	
16	24	11	19	0	
17	28	11	18	0	
17	29	14	17	0	
16	31	14	19	0	
17	27	11	16	0	
18	24	14	17	0	
16	24	15	16	0	
17	20	15	17	0	
17	21	15	16	0	
16	20	15	12	0	
18	19	14	12	0	
18	19	15	11	0	
19	16	15	12	0	
15	15	16	14	0	
19	14	17	12	0	
16	14	20	15	0	
17	13	21	16	0	
16	14	19	17	0	
16	13	21	16	0	
18	13	20	16	0	
18	14	23	15	0	
19	12	23	20	0	
18	12	23	19	0	
17	12	20	20	0	
19	10	20	18	0	
18	10	17	17	0	
19	11	17	20	0	
19	10	18	19	0	
19	11	19	20	0	
18	10	23	19	0	
20	10	22	19	0	
21	10	21	15	0	
20	9	23	14	0	
21	11	24	12	0	
23	12	24	12	0	
21	13	26	12	0	
20	12	22	12	0	
19	11	23	13	0	
19	13	25	12	0	
20	14	24	12	0	
17	15	24	13	0	
18	16	21	11	0	
17	16	23	10	0	
15	17	21	11	0	
16	18	20	8	0	
13	20	19	9	0	
16	18	18	9	0	
15	17	18	9	0	
13	16	17	13	0	
14	15	20	13	0	
16	16	20	14	0	
18	14	21	13	0	
20	14	19	12	0	
18	15	19	13	0	
16	16	21	12	0	
16	17	17	10	0	
14	18	14	12	0	
12	18	14	11	0	
13	16	14	12	0	
13	15	13	9	0	
14	17	12	9	0	
18	14	13	8	0	
18	15	13	9	0	
19	14	11	9	0	
19	14	12	11	0	
21	14	10	11	0	
23	16	8	13	0	
24	18	6	14	0	
23	16	6	16	0	
19	14	6	16	0	
20	16	7	17	0	
21	19	8	18	0	
22	17	9	15	0	
21	18	9	19	0	
22	18	10	21	0	
21	18	9	20	0	
24	14	8	21	0	
25	14	7	23	0	
22	16	9	21	0	
24	18	8	21	0	
26	17	8	19	0	
27	16	8	18	0	
28	15	8	20	0	
30	14	6	21	0	
31	12	6	21	0	
32	12	6	19	0	
26	12	7	20	0	
24	12	7	21	0	
23	10	7	23	0	
21	9	8	22	0	
22	8	9	21	0	
22	10	11	20	0	
21	8	11	22	0	
21	7	13	20	0	
24	7	10	18	0	
21	8	11	21	0	
22	6	14	17	0	
20	7	15	17	0	
23	9	16	19	0	
21	8	16	20	0	
21	8	16	20	0	
21	6	16	20	0	
23	6	21	19	0	
24	6	15	18	0	
23	6	13	21	0	
22	5	11	23	0	
21	5	11	24	0	
21	6	13	24	0	
20	5	12	29	0	
20	6	11	28	0	
17	7	11	28	0	
16	8	12	27	0	
18	7	12	27	0	
18	7	14	26	0	
17	9	15	26	0	
12	10	15	25	0	
11	10	16	23	0	
11	12	12	22	0	
13	14	14	21	0	
13	14	14	23	0	
14	17	15	24	0	
12	20	14	26	0	
12	18	14	28	0	
12	18	17	25	0	
13	15	15	26	0	
14	15	15	26	0	
15	14	16	26	0	
16	12	18	26	0	
19	11	17	27	0	
16	11	17	25	0	
14	10	17	25	0	
14	10	17	20	0	
12	9	15	24	0	
12	10	17	25	0	
11	9	16	22	0	
11	10	18	20	0	
13	13	21	19	0	
12	13	21	19	0	
13	14	21	20	0	
12	13	23	21	0	
13	13	21	20	0	
15	15	22	20	0	
16	16	23	19	0	
15	15	20	20	0	
15	15	22	17	0	
13	15	24	19	0	
16	13	22	18	0	
16	13	26	17	0	
15	15	27	16	0	
12	16	30	15	0	
13	16	25	16	0	
14	17	24	15	0	
13	15	24	14	0	
13	15	27	13	0	
17	15	29	14	0	
17	15	29	13	0	
18	16	28	14	0	
18	18	29	15	0	
15	19	30	14	0	
13	17	27	13	0	
11	18	30	8	0	
12	16	29	7	0	
12	19	30	6	0	
15	21	35	8	0	
15	20	33	9	0	
15	21	36	11	0	
16	18	35	7	0	
17	18	35	8	0	
14	21	34	11	0	
13	21	30	11	0	
13	18	28	11	0	
14	21	29	9	0	
14	21	28	9	0	
15	20	28	10	0	
17	19	27	9	0	
12	17	29	9	0	
13	18	29	11	0	
14	21	27	11	0	
16	22	25	11	0	
14	23	22	12	0	
16	19	19	11	0	
15	15	19	12	0	
15	14	21	11	0	
14	13	23	11	0	
14	13	25	11	0	
15	14	26	9	0	
16	14	25	8	0	
18	16	27	5	0	
18	13	25	6	0	
20	12	29	6	0	
19	12	29	6	0	
18	14	30	6	0	
18	14	33	5	0	
21	12	33	4	0	
21	11	32	4	0	
23	14	31	3	0	
22	11	31	4	0	
21	12	35	4	0	
20	12	35	4	0	
23	13	37	4	0	
24	13	36	4	0	
22	14	36	4	0	
26	14	37	3	0	
24	13	31	3	0	
24	16	33	5	0	
23	16	34	6	0	
24	15	31	5	0	
25	15	28	6	0	
21	13	28	7	0	
25	14	27	7	0	
25	12	26	6	0	
25	10	25	7	0	
27	10	20	7	0	
27	8	17	8	0	
25	8	18	8	0	
24	9	17	9	0	
29	10	18	9	0	
31	9	18	10	0	
33	7	18	8	0	
33	8	16	10	0	
36	6	15	15	1	
37	5	18	14	0	
32	5	18	13	0	
35	5	17	14	0	
33	6	19	13	0	
31	6	17	12	0	
28	6	18	12	0	
27	4	17	12	0	
27	4	18	10	0	
29	5	18	6	0	
28	6	16	6	0	
27	7	15	7	0	
26	7	16	9	0	
26	5	16	8	0	
24	4	16	10	0	
26	4	17	12	0	
30	4	16	12	0	
29	4	15	11	0	
26	3	18	10	0	
24	4	13	10	0	
24	5	15	9	0	
29	7	15	8	0	
28	9	13	9	0	
27	8	9	8	1	
30	8	11	9	1	
29	7	11	9	1	
29	7	10	10	1	
30	10	11	10	1	
28	9	15	8	0	
27	8	15	11	0	
30	7	15	10	0	
31	5	14	11	0	
32	6	13	6	1	
34	6	15	6	1	
36	5	13	6	1	
37	5	13	7	1	
41	5	16	6	1	
39	5	16	6	1	
39	5	15	7	1	
38	5	16	7	1	
37	4	14	8	1	
35	4	15	8	1	
32	5	16	7	0	
33	6	16	5	0	
32	6	14	4	1	
35	6	16	6	1	
37	6	16	6	1	
