2	0	0	0	0	
1	1	0	0	0	
0	1	1	0	0	
0	2	1	0	0	
0	1	2	0	0	
0	2	4	0	0	
1	2	4	0	0	
1	2	4	1	0	
1	2	4	1	0	
2	3	4	0	0	
4	4	3	0	0	
4	5	4	1	0	
4	4	5	1	0	
6	4	4	1	0	
7	5	4	1	0	
6	3	5	1	0	
8	4	5	1	0	
11	5	5	2	0	
11	4	7	2	0	
8	5	10	2	0	
9	8	11	1	0	
10	9	12	1	0	
11	6	11	1	0	
10	7	11	1	0	
9	6	13	2	0	
9	6	15	3	0	
10	5	18	3	0	
11	6	16	4	0	
12	6	21	5	0	
13	6	19	6	0	
12	6	24	7	0	
12	6	25	9	0	
13	5	24	9	0	
14	7	30	9	0	
16	7	31	12	0	
18	7	34	12	0	
19	8	32	10	0	
21	7	30	8	0	
25	5	34	9	0	
24	4	36	9	0	
27	4	30	10	0	
25	6	32	10	0	
28	6	35	10	0	
28	7	38	11	0	
29	8	37	11	0	
28	9	35	10	0	
34	8	33	10	0	
35	8	37	10	0	
36	10	37	8	0	
37	9	38	8	0	
40	7	40	9	0	
41	7	41	9	0	
42	7	42	11	0	
42	6	42	10	0	
41	6	46	10	0	
41	6	46	11	0	
46	6	46	12	0	
44	9	50	10	0	
43	10	55	9	0	
43	9	55	10	0	
42	10	53	9	0	
42	9	55	10	0	
45	9	52	11	0	
46	8	51	12	0	
51	6	56	12	0	
50	6	56	12	0	
52	6	59	17	0	
46	7	60	17	0	
44	7	60	15	0	
43	6	61	17	0	
41	4	61	20	0	
40	5	57	21	0	
42	4	62	20	0	
44	4	69	20	0	
43	4	68	23	0	
47	4	68	25	0	
48	5	65	28	0	
48	6	68	31	0	
45	6	59	31	0	
47	6	63	33	0	
50	5	68	38	0	
49	6	71	36	0	
45	6	79	35	3	
46	5	85	41	3	
43	4	83	45	3	
38	4	83	54	0	
42	4	81	58	0	
45	5	77	61	0	
47	7	85	63	0	
46	5	90	61	0	
45	4	91	65	0	
48	4	91	61	0	
55	3	94	68	0	
57	4	100	69	0	
58	5	101	73	0	
56	5	110	81	0	
60	7	117	78	3	
63	10	116	80	0	
67	11	112	84	0	
70	13	117	88	0	
70	13	121	91	0	
65	16	123	90	0	
65	15	126	91	0	
65	16	128	85	3	
64	15	139	92	3	
74	17	139	86	3	
79	19	146	88	3	
77	19	141	93	3	
80	21	140	99	3	
79	24	147	100	3	
81	21	142	108	0	
81	24	153	116	0	
84	22	153	120	0	
91	23	159	125	0	
86	25	159	126	0	
87	24	159	128	0	
81	25	168	142	0	
91	22	172	142	0	
88	23	174	147	0	
83	22	187	149	0	
79	24	202	146	3	
83	21	209	154	3	
80	18	216	159	3	
83	19	216	169	0	
80	20	226	173	3	
78	22	227	173	3	
79	21	232	179	3	
78	21	240	177	3	
79	26	246	174	3	
76	28	248	179	3	
78	30	264	185	3	
78	31	272	182	3	
82	30	290	194	3	
85	33	295	199	3	
80	35	291	204	3	
79	33	292	209	3	
83	32	300	212	3	
79	36	303	215	3	
75	39	310	221	3	
77	37	321	221	3	
80	34	332	226	3	
82	36	321	240	3	
73	38	339	244	3	
79	37	356	245	3	
74	40	354	249	3	
69	42	369	252	3	
76	38	371	257	3	
78	40	363	270	3	
76	40	384	281	3	
74	43	390	293	3	
72	44	398	306	3	
70	45	395	304	3	
65	51	393	314	3	
69	52	402	313	3	
70	50	409	314	3	
73	52	412	328	3	
74	57	413	331	3	
77	56	413	343	0	
82	52	423	350	3	
81	54	410	353	0	
77	52	409	358	0	
80	51	423	361	0	
77	56	420	356	0	
71	57	428	370	0	
75	61	431	381	0	
70	62	424	394	0	
72	58	417	401	0	
71	57	423	405	0	
73	58	425	410	0	
74	60	432	416	0	
78	66	433	408	0	
77	63	433	407	0	
81	68	442	436	0	
74	77	459	435	0	
79	82	467	438	0	
85	83	471	436	0	
84	91	474	436	0	
81	88	470	441	0	
80	93	502	440	0	
81	88	506	436	0	
80	86	513	428	3	
84	84	514	430	3	
83	91	520	434	3	
83	91	526	438	3	
87	94	536	445	3	
87	94	538	454	3	
93	97	531	443	3	
99	91	540	432	3	
100	84	534	434	3	
103	81	535	449	3	
104	78	526	451	0	
109	77	527	462	0	
107	76	526	452	0	
106	75	523	446	0	
107	77	529	437	3	
113	78	532	455	0	
109	76	534	436	3	
106	80	534	441	3	
101	79	540	446	3	
107	82	550	452	3	
115	88	552	454	3	
114	87	544	467	0	
113	86	546	468	0	
117	86	544	468	0	
122	81	560	474	3	
133	75	573	479	3	
129	80	570	487	0	
130	80	580	480	3	
120	79	582	473	3	
119	80	599	472	3	
121	78	626	476	3	
121	80	644	494	3	
118	85	657	497	3	
106	90	648	490	3	
106	84	651	482	3	
109	89	637	500	3	
107	94	625	510	3	
108	86	620	509	3	
106	90	646	508	3	
108	88	636	516	3	
117	89	622	526	3	
115	85	627	535	3	
112	85	615	527	3	
110	90	614	542	0	
114	81	619	557	0	
115	86	616	567	0	
117	85	616	563	0	
112	86	602	562	0	
109	86	595	570	0	
107	79	601	572	0	
104	76	591	563	0	
107	71	583	542	0	
110	72	589	564	0	
106	73	602	567	0	
108	73	601	567	0	
103	71	607	571	0	
110	75	608	592	0	
118	75	603	599	0	
109	73	598	593	0	
106	74	603	607	0	
105	74	636	604	0	
114	74	644	611	0	
115	71	649	604	0	
120	72	650	616	0	
121	74	658	595	0	
123	75	665	597	0	
122	75	647	594	0	
120	79	658	593	0	
121	72	648	582	0	
117	77	643	578	0	
117	73	638	588	0	
111	69	658	603	0	
117	68	668	596	0	
112	74	663	606	0	
113	74	672	591	0	
108	75	662	595	0	
112	80	666	596	0	
110	80	661	618	0	
115	83	675	620	0	
113	85	683	617	0	
111	85	687	629	0	
116	89	678	621	0	
120	85	673	626	0	
114	84	665	627	0	
113	85	676	625	0	
114	89	668	625	0	
116	91	678	614	0	
122	95	679	614	0	
127	84	696	617	0	
117	91	702	619	0	
121	89	691	618	0	
119	92	693	616	0	
116	92	692	617	0	
112	94	715	614	3	
114	100	719	622	3	
110	98	722	595	3	
113	100	730	610	3	
115	97	740	622	3	
117	94	732	645	0	
108	93	756	643	3	
109	96	749	632	3	
108	99	754	619	3	
109	99	763	621	3	
111	102	775	630	3	
109	100	760	598	3	
109	103	751	588	3	
111	100	756	588	3	
112	95	768	596	3	
117	94	784	595	3	
117	92	785	605	3	
107	95	761	602	3	
107	96	779	586	3	
110	92	800	571	3	
113	90	809	559	3	
115	94	804	567	3	
119	94	793	563	3	
114	97	769	551	3	
119	103	775	552	3	
125	103	760	553	3	
129	109	773	555	3	
131	110	764	576	3	
132	104	756	560	3	
134	102	754	545	3	
129	100	775	567	3	
131	100	780	554	3	
128	99	765	563	3	
129	101	765	577	3	
127	110	771	576	3	
127	117	786	585	3	
131	114	779	585	3	
137	112	785	578	3	
137	114	790	575	3	
133	119	803	586	3	
131	122	808	578	3	
139	120	792	581	3	
135	123	784	573	3	
127	124	784	555	3	
132	126	784	554	3	
127	122	789	562	3	
123	121	797	547	3	
122	119	802	533	3	
125	125	817	531	3	
123	126	819	535	3	
123	127	823	519	3	
129	126	827	507	3	
137	124	838	514	3	
137	128	830	518	3	
138	131	830	511	3	
130	130	840	501	3	
128	128	861	498	3	
127	127	864	497	3	
134	132	873	488	3	
132	139	885	485	3	
134	143	894	486	3	
131	140	902	494	3	
135	151	886	489	3	
132	146	877	486	3	
129	143	869	470	3	
134	145	851	465	3	
141	141	873	467	3	
143	135	853	484	3	
141	137	871	480	3	
142	134	865	490	3	
149	130	858	488	3	
155	134	874	493	3	
158	131	859	478	3	
163	127	857	487	3	
159	123	857	499	3	
158	119	858	504	3	
154	120	860	497	3	
153	122	864	486	3	
146	122	851	491	3	
143	124	861	487	3	
139	120	852	505	3	
134	118	850	500	3	
127	112	859	498	3	
133	105	850	488	3	
134	104	836	490	3	
139	101	831	503	3	
136	99	818	499	3	
133	100	836	508	3	
134	98	835	504	3	
126	89	820	493	3	
126	82	829	481	3	
131	84	830	475	3	
126	79	836	478	3	
120	82	832	486	3	
123	80	842	485	3	
130	83	830	486	3	
128	81	835	500	3	
127	81	837	511	3	
129	84	840	511	3	
130	84	863	508	3	
124	90	891	494	3	
121	87	889	491	3	
122	88	876	486	3	
132	79	878	486	3	
126	81	884	491	3	
123	86	886	489	3	
119	89	908	492	3	
120	92	910	495	3	
121	97	941	492	3	
116	101	943	485	3	
113	106	939	485	3	
117	105	928	492	3	
112	103	925	480	3	
120	111	933	486	3	
124	100	939	497	3	
123	95	922	489	3	
126	98	937	470	3	
125	105	928	466	3	
124	109	927	474	3	
127	106	925	475	3	
126	110	921	488	3	
121	103	916	470	3	
115	108	903	479	3	
113	102	912	485	3	
117	102	906	493	3	
118	98	912	491	3	
126	89	890	506	3	
129	86	881	512	3	
131	83	907	507	3	
130	88	894	516	3	
123	87	889	489	3	
122	84	882	491	3	
119	80	909	485	3	
126	82	897	481	3	
129	78	910	478	3	
124	74	930	465	3	
125	80	934	469	3	
122	83	935	467	3	
125	83	928	467	3	
122	82	948	470	3	
117	88	953	465	3	
118	88	967	456	3	
119	85	975	452	3	
119	86	949	442	3	
118	84	954	448	3	
118	83	958	464	3	
112	84	950	457	3	
114	89	958	459	3	
113	88	967	462	3	
110	88	959	462	3	
117	88	967	443	3	
118	91	950	446	3	
114	95	945	455	3	
112	99	925	453	3	
111	108	939	447	3	
103	103	918	441	3	
102	105	917	445	3	
115	101	906	445	3	
123	99	912	445	3	
124	107	908	432	3	
130	104	908	443	3	
128	99	896	457	3	
126	103	891	460	3	
123	98	885	447	3	
126	95	911	439	3	
118	97	926	445	3	
118	96	927	446	3	
118	99	900	449	3	
111	100	902	454	3	
112	109	910	436	3	
113	106	923	451	3	
119	99	916	441	3	
110	103	915	451	3	
109	101	934	457	3	
118	96	943	443	3	
115	102	925	453	3	
109	95	951	451	3	
113	88	951	451	3	
108	89	945	452	3	
109	95	935	449	3	
107	101	919	462	3	
114	102	906	461	3	
117	95	925	464	3	
124	100	940	475	3	
119	102	945	462	3	
111	94	933	460	3	
109	91	951	466	3	
109	88	959	466	3	
114	82	948	470	3	
106	78	956	467	3	
103	77	950	462	3	
98	78	946	458	3	
102	80	950	460	3	
108	85	926	466	3	
101	91	915	478	3	
99	94	904	457	3	
103	91	928	472	3	
98	89	911	467	3	
85	87	920	463	3	
89	84	929	475	3	
90	86	909	467	3	
87	82	900	472	3	
89	84	919	489	3	
94	86	915	483	3	
95	88	910	465	3	
93	83	934	457	3	
96	83	936	460	3	
98	84	921	457	3	
101	93	895	453	3	
106	94	906	458	3	
110	89	907	464	3	
110	95	902	449	3	
106	97	909	451	3	
102	95	924	442	3	
106	90	938	449	3	
112	89	919	435	3	
113	85	932	439	3	
125	85	930	443	3	
125	86	937	442	3	
126	85	944	442	3	
124	84	945	434	3	
125	85	943	425	3	
123	85	927	418	3	
120	80	913	441	3	
119	81	900	440	3	
119	93	887	431	3	
120	91	900	437	3	
124	93	902	426	3	
124	95	901	426	3	
130	98	904	441	3	
134	104	924	442	3	
135	100	931	437	3	
137	91	949	446	3	
134	84	965	446	3	
131	79	992	427	3	
127	78	992	426	3	
131	75	1023	408	3	
129	72	1005	403	3	
129	69	1004	405	3	
128	70	1005	400	3	
126	70	1003	423	3	
131	67	995	412	3	
123	62	985	390	3	
127	58	972	385	3	
123	61	971	396	3	
115	68	980	404	3	
123	63	1004	402	3	
125	59	1005	383	3	
125	68	1001	390	3	
132	69	999	397	3	
128	66	1020	381	3	
121	66	1009	387	3	
126	62	993	375	3	
127	58	1001	381	3	
132	60	995	401	3	
136	57	1021	410	3	
136	56	1002	396	3	
133	60	1012	390	3	
137	63	1019	386	3	
137	61	998	382	3	
145	54	1002	374	3	
151	52	985	385	3	
144	48	985	392	3	
140	51	974	394	3	
133	49	981	386	3	
124	54	967	387	3	
120	57	990	390	3	
125	57	983	375	3	
125	51	1000	383	3	
131	55	977	380	3	
128	53	989	385	3	
128	56	1001	381	3	
125	52	1011	392	3	
124	55	1007	398	3	
127	61	1012	406	3	
127	67	995	410	3	
132	61	1001	409	3	
132	61	978	422	3	
133	64	982	416	3	
125	62	1006	424	3	
122	65	1007	423	3	
127	67	1001	429	3	
128	68	1014	416	3	
124	68	1000	412	3	
130	67	1004	421	3	
121	66	1004	421	3	
124	61	1003	434	3	
121	59	999	431	3	
117	55	1017	434	3	
112	53	1030	440	3	
108	54	1019	447	3	
104	56	1015	423	3	
104	60	1007	426	3	
103	59	974	438	3	
96	62	996	436	3	
90	59	1003	427	3	
86	59	1020	439	3	
83	57	1016	441	3	
82	59	1029	436	3	
83	60	1025	439	3	
86	59	1012	440	3	
93	58	1004	425	3	
91	61	1010	423	3	
85	58	1004	414	3	
85	57	1018	416	3	
88	56	1034	423	3	
92	53	1048	425	3	
91	56	1056	427	3	
91	54	1069	430	3	
90	55	1058	418	3	
85	56	1074	426	3	
85	51	1078	431	3	
85	51	1065	441	3	
91	47	1047	442	3	
94	41	1045	436	3	
94	42	1040	443	3	
92	41	1048	440	3	
90	42	1061	418	3	
87	40	1030	433	3	
89	44	1033	440	3	
87	42	1028	435	3	
81	40	1052	429	3	
77	41	1037	433	3	
83	38	1033	429	3	
88	40	1025	438	3	
80	37	1042	449	3	
88	36	1035	436	3	
88	32	1036	439	3	
88	32	1048	429	3	
87	33	1052	422	3	
84	33	1079	412	3	
84	33	1063	417	3	
84	31	1050	408	3	
88	32	1053	423	3	
89	33	1043	435	3	
91	35	1050	418	3	
86	37	1032	438	3	
95	32	1042	426	3	
95	31	1051	412	3	
88	34	1060	422	3	
83	32	1078	419	3	
80	32	1059	426	3	
83	31	1071	428	3	
84	30	1085	429	3	
86	30	1062	437	3	
81	24	1079	422	3	
80	22	1084	410	3	
85	19	1092	414	3	
81	20	1077	403	3	
86	18	1068	416	3	
87	17	1057	413	3	
81	18	1069	409	3	
85	19	1074	395	3	
83	19	1038	402	3	
78	19	1055	407	3	
74	16	1057	398	3	
73	18	1083	397	3	
80	15	1096	399	3	
82	13	1083	391	3	
88	11	1092	397	3	
91	13	1121	399	3	
91	12	1102	382	3	
92	13	1093	372	3	
92	13	1110	378	3	
90	13	1115	371	3	
91	12	1119	372	3	
90	13	1136	372	3	
94	13	1116	377	3	
95	14	1112	376	3	
90	15	1087	371	3	
94	16	1100	365	3	
100	18	1107	353	3	
101	14	1104	367	3	
102	15	1123	354	3	
100	14	1131	350	3	
94	15	1094	347	3	
84	19	1091	333	3	
87	19	1102	326	3	
87	20	1109	336	3	
82	24	1112	330	3	
85	24	1132	312	3	
82	25	1120	320	3	
81	21	1127	315	3	
80	23	1139	307	3	
79	22	1122	300	3	
81	23	1138	294	3	
76	20	1148	284	3	
77	22	1166	281	3	
74	22	1177	282	3	
78	23	1157	275	3	
78	20	1168	274	3	
75	20	1185	273	3	
82	20	1167	279	3	
77	22	1159	289	3	
79	22	1174	290	3	
78	19	1163	290	3	
76	21	1164	279	3	
79	23	1150	273	3	
81	26	1159	267	3	
77	25	1147	270	3	
79	23	1132	268	3	
82	25	1115	271	3	
86	28	1133	276	3	
87	29	1144	274	3	
85	25	1145	265	3	
84	27	1161	275	3	
82	28	1146	281	3	
79	26	1146	265	3	
78	24	1138	262	3	
73	23	1165	248	3	
69	23	1155	230	3	
70	27	1153	232	3	
71	28	1175	234	3	
70	29	1197	224	3	
68	23	1211	233	3	
66	23	1216	246	3	
67	23	1226	249	3	
74	21	1217	256	3	
72	22	1214	261	3	
73	20	1224	259	3	
68	25	1230	255	3	
69	24	1221	253	3	
69	21	1218	248	3	
73	20	1227	252	3	
73	17	1234	255	3	
75	17	1216	253	3	
69	17	1212	248	3	
77	15	1219	252	3	
78	17	1210	265	3	
76	16	1235	261	3	
78	15	1236	255	3	
79	15	1245	249	3	
85	15	1244	244	3	
85	18	1256	242	3	
80	19	1243	251	3	
76	18	1244	254	3	
78	17	1236	263	3	
82	16	1235	274	3	
74	16	1226	280	3	
69	16	1224	278	3	
75	15	1244	289	3	
78	16	1261	284	3	
77	16	1259	279	3	
77	15	1259	277	3	
75	15	1282	270	3	
77	13	1294	271	3	
88	11	1276	276	3	
88	13	1289	279	3	
88	14	1292	270	3	
87	14	1297	283	3	
89	16	1271	293	3	
92	18	1238	276	3	
88	19	1254	273	3	
81	19	1241	278	3	
81	18	1249	276	3	
83	19	1260	274	3	
76	17	1257	270	3	
83	16	1266	271	3	
86	17	1259	267	3	
88	18	1251	261	3	
90	16	1234	247	3	
87	16	1242	242	3	
85	16	1269	230	3	
79	17	1277	233	3	
78	15	1299	233	3	
81	16	1294	236	3	
86	21	1308	233	3	
89	22	1308	242	3	
89	23	1322	237	3	
93	22	1317	239	3	
97	24	1310	237	3	
86	25	1324	239	3	
83	25	1294	237	3	
89	24	1276	237	3	
85	25	1258	228	3	
83	27	1266	233	3	
82	29	1248	231	3	
82	29	1254	238	3	
83	28	1255	243	3	
85	31	1260	237	3	
86	31	1256	235	3	
90	28	1248	232	3	
94	23	1254	233	3	
88	22	1206	236	3	
94	21	1195	231	3	
86	20	1217	232	3	
85	19	1215	238	3	
86	19	1231	245	3	
88	22	1238	237	3	
89	22	1206	228	3	
93	23	1216	222	3	
90	22	1222	222	3	
86	23	1217	228	3	
92	24	1212	227	3	
94	25	1185	219	3	
90	25	1194	217	3	
86	23	1181	230	3	
84	24	1201	223	3	
79	25	1242	223	3	
81	27	1229	224	3	
87	27	1243	220	3	
88	28	1220	220	3	
87	26	1240	224	3	
87	29	1266	233	3	
94	31	1269	216	3	
90	32	1284	215	3	
87	33	1294	206	3	
93	29	1307	196	3	
91	30	1294	196	3	
91	27	1288	203	3	
90	28	1283	207	3	
92	31	1299	201	3	
90	35	1273	189	3	
84	36	1289	192	3	
82	36	1306	196	3	
89	37	1337	209	3	
90	37	1344	210	3	
93	37	1344	210	3	
95	38	1349	207	3	
93	37	1353	201	3	
95	34	1360	197	3	
96	32	1346	197	3	
95	33	1345	183	3	
102	35	1343	175	3	
101	34	1345	164	3	
104	35	1348	158	3	
105	34	1334	169	3	
109	32	1328	172	3	
103	35	1334	168	3	
95	33	1348	162	3	
94	30	1345	154	3	
98	31	1334	157	3	
96	33	1381	159	3	
96	32	1378	158	3	
98	31	1372	159	3	
97	32	1372	156	3	
98	31	1358	150	3	
98	29	1353	147	3	
93	32	1361	142	3	
101	35	1355	153	3	
95	31	1376	158	3	
89	31	1349	158	3	
92	31	1343	151	3	
93	30	1328	153	3	
100	33	1322	154	3	
97	33	1326	163	3	
100	31	1340	166	3	
100	30	1348	161	3	
94	30	1353	153	3	
97	30	1370	150	3	
95	26	1363	148	3	
94	29	1349	143	3	
96	33	1366	140	3	
100	30	1388	134	3	
102	31	1407	140	3	
102	33	1405	133	3	
93	33	1393	139	3	
96	33	1356	137	3	
98	34	1342	132	3	
101	37	1341	128	3	
112	38	1328	130	3	
105	34	1338	138	3	
109	32	1322	133	3	
105	33	1303	129	3	
109	33	1302	139	3	
111	28	1314	137	3	
111	29	1322	141	3	
102	32	1310	141	3	
102	29	1310	135	3	
103	29	1294	131	3	
107	24	1296	122	3	
107	25	1304	123	3	
103	25	1303	125	3	
103	21	1342	119	3	
96	22	1334	124	3	
91	21	1348	123	3	
90	25	1354	122	3	
93	21	1352	120	3	
95	24	1336	127	3	
92	23	1318	125	3	
97	21	1325	133	3	
88	19	1344	136	3	
86	20	1331	131	3	
81	24	1316	127	3	
82	25	1315	134	3	
85	25	1312	135	3	
84	26	1334	136	3	
83	27	1318	139	3	
85	27	1308	144	3	
83	25	1324	137	3	
85	25	1308	135	3	
85	26	1289	149	3	
88	25	1290	155	3	
78	26	1292	153	3	
71	28	1295	159	3	
67	27	1281	164	3	
63	28	1309	156	3	
64	27	1331	153	3	
63	25	1308	150	3	
71	23	1337	147	3	
68	20	1337	154	3	
69	19	1338	151	3	
69	20	1354	152	3	
67	19	1348	158	3	
69	20	1349	154	3	
72	23	1347	153	3	
72	21	1357	154	3	
73	20	1379	162	3	
70	22	1396	158	3	
70	22	1378	157	3	
68	21	1362	157	3	
73	21	1355	159	3	
72	25	1351	151	3	
70	25	1330	147	3	
67	24	1339	141	3	
71	23	1338	141	3	
72	22	1303	148	3	
72	21	1274	139	3	
76	22	1263	143	3	
82	22	1252	135	3	
84	23	1268	142	3	
83	21	1264	143	3	
78	21	1272	152	3	
79	20	1278	150	3	
78	19	1262	146	3	
79	17	1282	153	3	
80	17	1297	149	3	
80	18	1282	145	3	
83	17	1293	151	3	
77	18	1274	157	3	
78	17	1291	145	3	
82	17	1310	149	3	
83	19	1315	149	3	
84	19	1298	136	3	
86	19	1325	136	3	
92	15	1320	134	3	
89	12	1308	132	3	
87	13	1302	140	3	
95	11	1315	141	3	
90	12	1303	139	3	
84	10	1291	146	3	
84	12	1305	145	3	
81	12	1319	143	3	
81	12	1335	143	3	
84	14	1342	140	3	
84	12	1322	143	3	
83	12	1324	145	3	
79	10	1349	151	3	
78	9	1364	154	3	
76	10	1382	150	3	
79	12	1373	149	3	
85	13	1378	146	3	
79	16	1397	151	3	
86	16	1359	144	3	
87	14	1333	144	3	
88	16	1346	147	3	
90	17	1362	148	3	
91	16	1384	155	3	
89	14	1390	143	3	
85	15	1388	143	3	
80	17	1371	145	3	
77	17	1385	149	3	
80	20	1381	158	3	
84	19	1380	161	3	
81	17	1359	163	3	
86	17	1359	160	3	
89	16	1362	171	3	
83	15	1386	168	3	
82	15	1378	171	3	
79	15	1362	170	3	
83	15	1379	163	3	
82	16	1376	162	3	
82	16	1358	165	3	
79	18	1355	168	3	
77	14	1324	176	3	
82	17	1329	174	3	
80	15	1329	167	3	
80	18	1312	165	3	
83	21	1316	161	3	
82	22	1284	168	3	
82	21	1284	159	3	
82	17	1281	155	3	
85	16	1255	154	3	
88	16	1263	165	3	
89	15	1256	157	3	
92	14	1286	157	3	
88	12	1300	162	3	
90	11	1290	156	3	
89	12	1271	153	3	
93	11	1276	152	3	
87	13	1283	160	3	
93	11	1278	166	3	
99	12	1245	170	3	
106	15	1266	175	3	
98	15	1260	175	3	
99	18	1252	171	3	
104	16	1241	165	3	
103	17	1241	171	3	
111	13	1235	165	3	
115	11	1245	165	3	
119	11	1210	167	3	
115	11	1217	174	3	
118	14	1258	174	3	
123	14	1250	171	3	
125	17	1224	182	3	
115	18	1236	190	3	
117	17	1247	190	3	
108	19	1254	194	3	
103	18	1244	193	3	
101	17	1253	196	3	
97	19	1242	191	3	
98	18	1238	194	3	
97	19	1212	184	3	
95	21	1213	192	3	
94	19	1223	195	3	
98	20	1245	203	3	
101	21	1266	203	3	
103	24	1240	206	3	
104	26	1241	208	3	
110	24	1236	210	3	
104	23	1234	206	3	
102	23	1232	199	3	
97	24	1240	192	3	
89	23	1245	193	3	
95	22	1237	196	3	
107	18	1245	206	3	
104	17	1221	207	3	
