0	1	0	0	0	
1	1	0	0	0	
1	1	0	0	0	
0	1	1	0	0	
0	1	2	0	0	
0	1	3	0	0	
0	1	3	0	0	
0	1	5	0	0	
0	1	5	1	0	
0	1	8	1	0	
0	2	8	0	0	
0	3	10	0	0	
0	2	11	0	0	
1	1	11	0	3	
2	1	11	0	0	
2	2	10	0	0	
2	2	12	2	3	
2	3	11	2	0	
2	4	10	2	0	
5	3	12	1	0	
6	5	12	1	0	
7	7	12	1	0	
7	7	12	1	0	
7	7	14	1	0	
7	9	15	1	0	
8	9	15	1	0	
9	7	15	1	0	
11	7	18	1	0	
11	8	14	0	0	
11	8	13	0	0	
11	8	12	1	0	
10	11	12	1	0	
9	10	12	2	0	
9	10	15	3	0	
11	11	12	5	0	
14	12	12	6	0	
17	14	11	7	0	
18	14	12	12	0	
21	14	8	12	0	
23	14	10	14	0	
21	13	10	14	0	
22	14	9	15	0	
20	13	9	16	0	
24	14	12	17	0	
27	16	13	17	0	
25	18	18	16	0	
26	17	19	15	0	
25	18	17	19	0	
23	18	22	20	0	
24	19	24	22	0	
26	20	23	23	0	
26	20	23	18	0	
25	22	22	18	0	
27	22	23	17	0	
27	23	19	16	0	
30	24	19	16	0	
32	27	18	15	0	
32	25	21	15	0	
37	29	21	14	0	
38	31	21	14	0	
38	33	20	13	0	
42	29	19	13	0	
47	28	19	14	0	
48	28	21	15	0	
51	25	20	16	1	
51	26	22	17	1	
51	30	21	15	0	
55	31	22	14	1	
55	31	25	16	1	
54	35	30	11	0	
54	36	31	10	0	
52	35	29	11	0	
49	40	30	13	0	
54	39	26	14	0	
49	46	22	14	0	
50	45	24	12	0	
49	45	24	13	0	
49	45	26	12	0	
49	48	26	13	0	
51	46	26	16	0	
50	52	26	20	0	
48	53	27	23	0	
43	53	31	22	0	
44	57	30	25	0	
46	55	33	25	0	
45	54	35	26	0	
48	52	36	30	0	
47	56	35	33	0	
43	56	33	30	0	
42	57	33	35	0	
40	52	32	37	0	
40	55	35	39	0	
45	57	39	33	0	
41	57	43	32	0	
40	61	40	35	0	
41	62	45	40	0	
38	66	51	38	0	
37	62	57	41	0	
35	62	54	47	0	
38	58	50	43	0	
40	60	50	41	0	
41	60	43	47	0	
42	63	43	47	0	
43	66	45	52	0	
45	62	41	55	0	
43	61	49	56	0	
41	62	44	56	0	
42	59	45	56	0	
40	60	48	59	0	
41	61	47	63	0	
38	58	43	59	0	
36	49	44	60	0	
35	46	44	65	0	
37	43	41	73	4	
34	51	41	75	0	
35	51	41	78	0	
34	49	45	74	0	
32	52	46	82	4	
31	53	50	77	0	
27	54	53	82	0	
30	57	48	85	0	
33	54	50	85	4	
36	53	46	95	4	
38	55	49	95	4	
39	49	52	92	4	
39	46	50	89	4	
42	46	48	88	4	
40	48	49	88	4	
38	45	55	90	4	
40	45	56	91	4	
43	46	59	88	0	
42	48	62	84	0	
42	47	64	85	0	
38	47	64	73	0	
40	47	63	79	0	
39	42	67	82	0	
41	41	73	84	0	
40	42	78	92	0	
45	41	79	98	0	
47	41	89	96	0	
49	39	90	101	0	
45	42	93	113	0	
46	37	96	114	0	
44	37	94	119	0	
43	40	94	120	0	
44	41	87	126	4	
43	40	99	138	0	
44	43	107	141	0	
44	41	106	134	0	
48	44	106	139	0	
49	38	106	137	0	
53	40	106	141	0	
59	39	100	155	4	
54	34	106	160	4	
53	34	106	166	4	
53	37	111	173	4	
54	37	118	172	4	
60	37	113	176	4	
60	37	115	181	4	
62	36	112	179	4	
66	37	106	183	4	
69	41	107	185	4	
63	37	109	192	4	
67	37	110	191	4	
68	34	126	194	4	
70	30	129	198	4	
73	30	129	201	4	
67	30	136	211	4	
69	31	139	217	4	
70	30	140	220	4	
66	30	139	219	4	
67	32	147	223	4	
71	29	148	236	4	
73	30	153	231	4	
71	32	160	237	4	
75	37	163	237	4	
76	41	163	242	4	
83	42	164	253	4	
86	46	175	252	4	
87	46	171	249	4	
82	45	174	246	4	
81	48	175	246	4	
83	50	171	266	4	
92	50	175	277	4	
93	53	183	294	4	
96	55	194	290	4	
89	53	199	291	4	
85	51	201	289	4	
87	55	206	287	4	
87	57	207	285	4	
86	58	195	284	4	
83	59	193	288	4	
85	58	199	289	4	
84	56	210	290	4	
85	59	212	289	4	
84	64	220	295	4	
82	60	229	321	4	
82	59	235	331	4	
87	64	233	333	4	
84	66	225	335	4	
86	64	236	332	4	
85	70	253	338	4	
86	64	257	340	4	
85	66	256	335	4	
86	68	267	353	4	
86	71	261	359	4	
90	68	273	370	4	
84	70	275	377	4	
86	65	280	385	4	
84	67	280	392	4	
92	72	282	403	4	
94	69	291	393	4	
92	74	296	406	4	
95	78	302	404	4	
93	84	293	419	4	
98	82	295	428	4	
96	82	291	431	4	
100	82	289	438	4	
103	81	288	441	4	
104	84	295	459	4	
103	79	298	466	4	
101	80	295	482	4	
101	78	301	487	4	
104	83	288	511	4	
106	88	293	498	4	
101	91	293	503	4	
96	90	299	511	4	
87	94	297	511	4	
87	96	288	516	4	
92	99	271	520	4	
86	107	272	534	4	
85	110	275	532	4	
83	108	279	543	4	
85	108	284	556	4	
80	113	300	553	4	
75	116	300	554	4	
69	112	289	557	4	
74	111	289	579	4	
73	114	286	586	4	
77	125	288	596	4	
77	128	292	579	4	
84	126	310	587	4	
78	127	315	593	4	
73	125	312	601	4	
74	121	319	592	4	
73	121	328	605	4	
67	122	334	615	4	
67	133	333	658	4	
71	128	325	671	4	
68	132	331	674	4	
68	127	343	668	4	
65	121	338	677	4	
67	113	342	685	4	
69	113	348	676	4	
75	106	355	678	4	
81	106	364	697	4	
79	105	369	709	4	
78	104	368	709	4	
81	103	369	715	4	
84	109	373	729	4	
87	111	392	713	4	
85	117	381	712	4	
86	119	389	729	4	
87	121	388	734	4	
94	122	391	732	4	
95	120	390	726	4	
91	121	386	736	4	
96	126	386	724	4	
95	127	390	741	4	
93	125	388	751	4	
96	122	399	761	4	
87	125	409	742	4	
87	123	411	732	4	
89	130	413	735	4	
98	128	402	730	4	
95	124	394	754	4	
91	120	411	748	4	
94	123	406	761	4	
82	122	414	754	4	
82	125	427	752	4	
87	125	423	767	4	
86	123	425	763	4	
86	127	439	773	4	
86	133	425	766	4	
90	132	437	754	4	
88	130	438	770	4	
91	117	446	769	4	
96	117	449	760	4	
97	127	441	746	4	
97	132	438	747	4	
94	133	439	747	4	
93	128	435	741	4	
96	130	422	747	4	
97	125	420	742	4	
101	121	424	729	4	
101	119	433	728	4	
107	130	423	727	4	
106	122	446	738	4	
97	118	435	738	4	
102	118	442	741	4	
104	120	449	741	4	
105	118	441	722	4	
105	118	433	708	4	
100	112	447	712	4	
100	115	436	714	4	
103	117	442	707	4	
103	124	443	723	4	
102	119	436	722	4	
102	128	443	727	4	
104	125	450	725	4	
103	124	457	737	4	
99	119	471	726	4	
100	124	484	724	4	
97	121	482	717	4	
100	130	473	738	4	
100	128	480	735	4	
108	122	479	712	4	
111	122	482	721	4	
112	122	498	732	4	
114	128	486	738	4	
111	126	506	739	4	
110	123	511	746	4	
111	118	523	739	4	
115	115	520	751	4	
117	118	512	750	4	
118	119	498	756	4	
123	126	491	758	4	
125	131	495	765	4	
118	123	492	769	4	
114	138	486	777	4	
109	136	468	775	4	
118	133	483	779	4	
118	137	494	788	4	
115	132	498	786	4	
119	133	493	795	4	
116	133	478	784	4	
118	125	493	779	4	
117	125	501	772	4	
108	127	496	775	4	
107	132	495	797	4	
110	131	475	796	4	
109	137	466	788	4	
108	144	478	774	4	
107	140	488	780	4	
105	133	479	794	4	
105	132	503	793	4	
111	138	516	787	4	
106	144	511	790	4	
104	147	515	804	4	
97	142	523	809	4	
104	138	507	806	4	
103	136	500	784	4	
108	136	497	782	4	
109	137	501	787	4	
104	144	513	774	4	
101	147	518	767	4	
99	141	529	774	4	
98	139	526	776	4	
96	145	521	763	4	
98	143	511	758	4	
102	131	515	760	4	
106	130	513	768	4	
97	126	503	785	4	
94	119	512	789	4	
86	117	512	808	4	
82	114	524	784	4	
79	110	517	805	4	
77	113	511	824	4	
75	111	511	806	4	
76	118	526	804	4	
75	109	531	805	4	
78	109	530	819	4	
73	116	534	802	4	
73	117	539	812	4	
81	118	528	811	4	
83	116	537	823	4	
81	114	527	825	4	
77	111	523	846	4	
80	107	542	830	4	
81	101	550	817	4	
81	98	550	807	4	
90	89	553	822	4	
85	95	539	810	4	
79	95	548	847	4	
84	99	547	853	4	
85	100	553	836	4	
88	104	546	848	4	
86	108	552	861	4	
88	110	542	868	4	
88	111	533	841	4	
82	107	530	822	4	
92	100	525	840	4	
92	100	532	839	4	
95	115	536	854	4	
90	111	527	838	4	
89	105	532	844	4	
91	107	533	840	4	
90	112	520	816	4	
97	119	539	817	4	
97	115	538	810	4	
99	117	555	800	4	
102	115	551	783	4	
98	120	569	778	4	
103	123	565	773	4	
101	121	567	784	4	
102	110	564	789	4	
105	108	575	797	4	
100	106	580	794	4	
105	102	568	798	4	
110	100	576	765	4	
102	96	564	766	4	
104	102	572	751	4	
101	104	595	777	4	
100	100	608	770	4	
102	107	601	775	4	
100	109	612	772	4	
100	110	611	784	4	
99	104	606	766	4	
100	104	605	758	4	
103	107	586	754	4	
102	97	584	773	4	
107	99	566	784	4	
106	99	572	798	4	
110	101	559	788	4	
114	97	554	795	4	
110	105	564	795	4	
115	108	561	770	4	
111	103	579	790	4	
113	102	593	781	4	
114	100	586	773	4	
112	95	593	761	4	
113	97	585	783	4	
110	93	582	769	4	
113	87	597	753	4	
110	89	596	745	4	
102	89	600	757	4	
102	87	593	754	4	
104	94	582	753	4	
110	93	581	746	4	
113	93	579	737	4	
114	89	569	750	4	
114	86	584	741	4	
110	94	580	740	4	
103	92	574	759	4	
97	88	589	759	4	
102	86	596	760	4	
105	86	605	769	4	
106	84	620	749	4	
104	85	617	738	4	
101	88	628	740	4	
105	88	637	761	4	
113	89	621	773	4	
112	89	629	761	4	
109	90	626	759	4	
115	95	615	769	4	
108	92	619	771	4	
109	87	620	776	4	
105	88	613	775	4	
104	86	621	784	4	
99	86	637	797	4	
94	85	634	815	4	
95	88	643	788	4	
95	88	642	801	4	
93	95	636	795	4	
90	93	625	788	4	
86	92	645	794	4	
82	90	630	782	4	
86	81	646	768	4	
82	76	662	757	0	
84	72	666	753	0	
79	74	659	750	0	
83	76	663	741	0	
79	72	673	764	0	
77	71	643	788	4	
73	70	663	790	4	
79	69	670	793	4	
83	64	655	799	4	
82	62	669	786	4	
77	60	681	791	4	
79	59	673	771	4	
77	55	695	775	0	
72	54	688	768	0	
71	61	714	743	0	
69	61	712	715	0	
70	58	733	722	0	
70	61	714	719	0	
72	63	725	718	0	
69	63	745	713	0	
69	63	762	733	0	
75	60	757	731	0	
77	62	737	745	0	
75	59	737	742	0	
74	55	740	736	0	
74	53	744	740	0	
78	54	740	732	0	
78	49	750	725	0	
81	49	762	737	0	
83	48	756	752	0	
87	44	766	739	0	
85	48	770	731	0	
88	47	791	724	0	
91	44	778	712	0	
89	47	756	729	0	
93	47	755	722	0	
89	51	736	721	0	
93	51	730	734	0	
96	52	746	747	0	
95	49	724	732	0	
95	49	709	712	0	
99	45	709	692	0	
99	43	713	686	0	
104	42	708	693	0	
105	41	722	700	0	
102	38	730	693	0	
107	40	735	689	0	
103	38	726	666	0	
104	39	732	683	0	
101	41	733	675	0	
99	40	748	686	0	
100	41	754	683	0	
96	45	770	671	3	
102	50	774	673	3	
106	50	778	676	3	
98	48	774	664	3	
93	53	782	673	3	
94	56	772	668	3	
97	59	780	683	0	
97	57	786	675	3	
94	58	789	686	3	
93	62	785	675	3	
95	67	783	684	3	
95	68	772	693	0	
100	69	754	680	0	
106	68	754	692	0	
106	60	755	695	0	
108	59	730	711	0	
106	59	738	716	0	
107	60	725	718	0	
110	62	727	721	0	
109	61	714	717	0	
112	60	700	705	0	
105	63	707	697	0	
109	63	693	688	0	
114	68	705	686	0	
117	67	717	702	0	
122	63	698	690	0	
120	64	701	718	0	
120	64	702	713	0	
115	62	699	700	0	
117	66	713	716	0	
118	64	725	738	0	
126	60	720	714	0	
128	59	727	714	0	
132	59	738	698	0	
132	57	749	696	0	
125	63	750	694	0	
119	65	757	683	0	
115	66	767	695	0	
118	61	752	688	0	
115	62	739	694	0	
113	60	751	687	0	
108	63	763	698	0	
105	67	751	707	0	
106	66	739	694	0	
112	61	751	691	0	
112	56	751	682	0	
115	48	760	694	0	
118	46	758	686	0	
116	47	736	699	0	
120	43	740	707	0	
119	45	757	710	0	
119	46	733	695	0	
118	48	722	694	0	
118	46	725	680	0	
122	51	735	668	0	
118	52	739	678	0	
115	52	749	684	0	
114	53	756	698	0	
112	50	776	701	0	
102	49	783	702	0	
103	53	772	693	0	
97	53	775	687	0	
95	49	760	685	0	
94	46	749	672	0	
88	48	754	667	0	
96	48	758	674	0	
101	46	753	662	0	
99	43	737	660	0	
97	49	751	685	0	
96	55	763	696	0	
98	54	758	677	0	
96	47	765	681	0	
93	51	754	660	0	
98	50	782	656	3	
98	54	801	655	3	
90	53	793	661	3	
96	50	800	666	3	
91	46	803	663	3	
97	48	801	648	3	
94	44	791	649	3	
94	40	796	661	3	
94	41	806	656	3	
91	40	802	656	3	
89	42	809	637	3	
93	43	806	627	3	
88	44	818	621	3	
83	42	814	620	3	
84	40	827	611	3	
81	40	822	621	3	
86	38	840	611	3	
87	35	844	610	3	
88	38	849	623	3	
90	41	848	618	3	
90	42	847	622	3	
88	43	850	614	3	
92	46	826	629	3	
100	44	839	620	3	
98	45	839	622	3	
96	44	846	632	3	
106	49	857	627	3	
106	47	849	632	3	
104	47	853	624	3	
103	46	856	624	3	
108	47	855	641	3	
106	47	854	633	3	
108	46	854	621	3	
105	47	880	636	3	
114	45	860	647	3	
110	44	874	633	3	
107	46	865	630	3	
104	43	859	609	3	
106	45	863	613	3	
103	46	862	632	3	
107	44	852	633	3	
108	44	834	632	3	
108	47	853	622	3	
109	43	844	607	3	
118	40	852	629	3	
110	42	835	630	3	
104	42	848	626	3	
102	41	844	622	3	
99	42	833	609	3	
101	42	854	614	3	
96	40	857	622	3	
99	41	868	617	3	
104	37	869	616	3	
99	35	872	611	3	
100	37	858	608	3	
103	38	834	606	3	
104	38	837	597	3	
100	40	849	600	3	
107	35	836	594	3	
101	37	839	608	3	
101	42	836	612	3	
101	46	839	612	3	
97	47	842	612	3	
90	51	834	620	3	
93	50	863	627	3	
93	49	864	637	3	
88	47	887	636	3	
95	46	884	631	3	
96	48	887	619	3	
89	44	880	614	3	
84	42	865	615	3	
83	44	872	608	3	
88	38	888	627	3	
91	38	885	622	3	
91	41	873	616	3	
88	39	855	620	3	
95	37	842	633	3	
95	33	848	627	3	
103	35	847	622	3	
103	32	842	614	3	
103	31	857	615	3	
105	30	854	597	3	
102	29	833	604	3	
92	25	842	609	3	
96	26	827	609	3	
93	26	838	621	3	
94	26	825	626	3	
91	26	813	618	3	
91	28	845	607	3	
86	32	839	602	3	
91	33	847	600	3	
90	32	854	591	3	
89	33	855	592	3	
88	34	850	587	3	
87	36	864	596	3	
91	38	881	610	3	
90	40	890	581	3	
90	40	879	579	3	
84	43	873	578	3	
85	45	883	578	3	
94	47	888	581	3	
90	42	863	596	3	
92	39	871	590	3	
87	45	871	595	3	
87	40	880	600	3	
88	39	893	607	3	
89	31	905	602	3	
90	33	890	593	3	
82	31	903	590	3	
83	29	910	609	3	
84	26	903	617	3	
84	29	918	594	3	
82	28	954	603	3	
81	26	943	599	3	
84	25	949	596	3	
86	27	933	597	3	
83	26	924	594	3	
78	25	922	583	3	
80	30	923	589	3	
80	30	927	574	3	
86	33	921	578	3	
86	33	907	584	3	
79	31	913	574	3	
82	29	928	567	3	
87	31	937	554	3	
84	35	948	563	3	
82	34	962	561	3	
88	34	956	565	3	
87	33	976	552	3	
86	33	968	549	3	
83	37	964	548	3	
85	38	940	557	3	
85	39	929	547	3	
83	40	909	547	3	
78	40	909	537	3	
73	42	915	555	3	
77	43	924	538	3	
74	39	905	550	3	
75	40	907	565	3	
76	37	916	542	3	
70	36	913	546	3	
72	37	941	564	3	
71	30	960	549	3	
73	30	957	547	3	
76	26	969	535	3	
72	24	971	526	3	
73	24	980	523	3	
70	25	948	521	3	
69	23	945	511	3	
72	22	948	494	3	
71	24	952	485	3	
71	27	937	477	3	
78	22	928	482	3	
77	21	945	480	3	
75	23	957	475	3	
74	22	953	488	3	
82	23	959	496	3	
84	26	957	502	3	
84	25	965	503	3	
88	24	983	513	3	
82	22	990	515	3	
83	22	978	504	3	
77	21	993	507	3	
82	20	1000	518	3	
82	21	996	510	3	
77	22	987	503	3	
72	25	993	500	3	
73	26	1004	514	3	
74	23	1013	506	3	
75	25	1017	509	3	
75	26	1004	495	3	
78	27	1019	493	3	
89	25	959	496	3	
85	25	959	508	3	
91	29	962	505	3	
94	27	952	495	3	
91	28	960	512	3	
99	29	974	507	3	
104	27	979	503	3	
97	27	984	491	3	
95	29	974	475	3	
101	27	973	484	3	
105	31	963	486	3	
107	33	965	484	3	
117	36	953	475	3	
122	36	956	488	3	
120	37	953	495	3	
114	37	941	490	3	
113	33	949	483	3	
112	38	939	482	3	
116	35	951	469	3	
112	37	967	488	3	
114	37	968	491	3	
112	42	997	503	3	
111	40	1004	491	3	
107	43	1014	495	3	
104	42	1009	485	3	
108	40	1016	478	3	
107	41	1022	475	3	
105	40	1006	478	3	
102	39	1031	472	3	
99	42	1024	467	3	
97	43	1004	462	3	
96	42	974	455	3	
94	42	983	459	3	
91	42	983	474	3	
97	40	961	459	3	
96	41	1005	465	3	
93	38	1015	462	3	
91	39	1005	449	3	
94	41	1010	462	3	
97	41	1012	449	3	
106	42	992	444	3	
102	42	987	455	3	
103	45	1015	452	3	
104	49	1001	457	3	
104	47	1021	431	3	
108	52	997	427	3	
107	54	1003	432	3	
109	59	1007	433	3	
118	57	1020	428	3	
110	59	1027	427	3	
115	64	1018	439	3	
115	59	997	442	3	
119	60	1003	436	3	
121	60	1007	448	3	
127	61	975	450	3	
131	58	968	449	3	
130	58	978	461	3	
132	60	991	466	3	
136	67	977	455	3	
130	64	960	445	3	
126	59	963	439	3	
120	64	948	442	3	
125	61	957	438	3	
130	62	974	436	3	
129	58	975	426	3	
130	57	974	424	3	
131	54	1004	424	3	
127	49	1006	428	3	
129	49	1006	426	3	
133	49	1018	418	3	
133	47	1023	418	3	
133	45	1026	424	3	
135	45	1017	428	3	
137	42	1026	422	3	
130	44	1014	418	3	
132	42	999	428	3	
132	46	987	440	3	
131	52	999	436	3	
121	52	1014	446	3	
124	45	1044	445	3	
127	45	1043	439	3	
126	46	1036	439	3	
115	50	1018	425	3	
112	50	1038	416	3	
117	51	1032	410	3	
114	47	1034	415	3	
114	47	1039	413	3	
113	46	1037	420	3	
105	45	1019	414	3	
98	47	1035	404	3	
101	44	1054	416	3	
105	46	1045	421	3	
106	40	1050	408	3	
102	45	1070	413	3	
100	45	1064	398	3	
99	37	1027	392	3	
108	39	1029	391	3	
112	43	1043	386	3	
109	42	1015	390	3	
110	44	1030	392	3	
110	43	1032	396	3	
105	41	1043	400	3	
100	44	1023	402	3	
94	42	1021	410	3	
93	48	1003	420	3	
99	46	991	401	3	
104	48	1009	395	3	
105	49	1000	395	3	
103	53	1004	387	3	
105	52	1000	385	3	
113	53	971	398	3	
113	50	986	412	3	
105	50	959	418	3	
102	51	966	434	3	
105	51	987	433	3	
107	51	996	433	3	
113	54	1010	431	3	
103	59	988	421	3	
101	64	978	417	3	
99	63	960	398	3	
101	62	973	401	3	
104	62	973	407	3	
104	62	987	388	3	
104	68	997	391	3	
103	68	1013	393	3	
106	75	1007	392	3	
108	78	1005	375	3	
111	80	1009	376	3	
103	85	1004	371	3	
109	92	996	389	3	
106	98	1000	393	3	
108	98	977	401	3	
109	105	973	389	3	
112	95	973	401	3	
110	100	965	388	3	
113	97	985	378	3	
112	84	984	370	3	
113	81	990	379	3	
114	80	952	384	3	
115	82	951	378	3	
120	85	957	380	3	
116	82	957	371	3	
116	79	948	354	3	
118	77	963	346	3	
128	78	986	349	3	
124	80	983	352	3	
118	78	1011	367	3	
123	70	1001	370	3	
118	82	1008	366	3	
124	83	1007	363	3	
122	79	1001	354	3	
121	77	998	337	3	
128	74	993	345	3	
134	70	988	346	3	
129	72	984	346	3	
131	75	1000	333	3	
136	73	1001	345	3	
129	69	1007	346	3	
129	67	1010	344	3	
118	70	1017	349	3	
127	66	1000	364	3	
127	66	989	376	3	
126	65	975	373	3	
130	65	980	367	3	
130	62	991	366	3	
133	61	987	352	3	
140	58	1013	345	3	
132	60	1031	340	3	
130	63	1011	358	3	
123	67	1012	359	3	
126	64	1014	357	3	
129	60	1015	348	3	
133	53	1034	343	3	
138	59	1034	349	3	
144	63	1027	345	3	
136	64	1046	348	3	
128	59	1024	352	3	
126	55	1036	349	3	
125	48	1028	344	3	
140	42	1032	327	3	
140	44	1027	327	3	
138	46	1018	333	3	
148	42	1034	331	3	
145	41	997	321	3	
153	45	1024	329	3	
159	43	1043	334	3	
160	40	1005	328	3	
161	42	1001	322	3	
152	41	999	324	3	
145	42	1000	323	3	
145	39	1017	332	3	
145	33	1007	337	3	
148	37	1019	342	3	
145	36	1015	340	3	
149	35	988	336	3	
152	31	997	330	3	
147	30	980	337	3	
147	31	990	338	3	
155	28	988	342	3	
156	30	1004	348	3	
154	30	989	349	3	
151	28	1005	351	3	
151	27	991	340	3	
158	25	987	340	3	
157	26	980	353	3	
159	24	1002	360	3	
169	28	1018	349	3	
169	30	1008	338	3	
171	32	1004	340	3	
178	30	979	339	3	
176	28	998	351	3	
170	31	1002	347	3	
172	32	979	348	3	
182	28	980	355	3	
179	27	986	348	3	
183	25	964	350	3	
186	26	963	350	3	
189	29	941	345	3	
195	26	962	354	3	
201	27	968	367	3	
206	25	944	373	3	
190	26	938	379	3	
184	26	939	385	3	
179	24	960	398	3	
187	25	964	396	3	
187	28	975	387	3	
189	25	984	388	3	
187	24	983	393	3	
174	25	1000	400	3	
168	28	987	384	3	
173	31	979	366	3	
169	31	983	360	3	
158	31	1004	363	3	
157	30	997	364	3	
164	31	982	362	3	
