0	0	0	2	0	
0	0	0	3	0	
0	0	0	1	0	
1	0	0	1	0	
1	0	0	2	0	
0	0	0	3	0	
1	0	0	1	0	
0	0	0	1	0	
0	0	1	1	0	
0	0	2	2	0	
0	0	2	2	0	
0	2	2	2	0	
0	2	2	4	0	
0	2	4	7	0	
0	2	3	11	0	
1	1	3	14	4	
2	1	4	14	0	
2	0	5	13	0	
1	0	5	14	0	
2	0	5	15	0	
1	0	6	15	0	
1	0	6	16	0	
1	0	6	18	0	
3	0	8	20	0	
3	1	10	23	0	
2	3	15	24	0	
1	1	13	26	0	
2	1	12	24	0	
2	2	11	23	0	
3	2	11	23	0	
3	4	10	24	0	
3	5	10	27	4	
4	4	11	31	4	
4	5	8	33	4	
5	8	7	31	4	
2	9	8	33	4	
4	9	8	35	4	
3	9	8	36	4	
3	8	7	35	4	
4	10	7	38	4	
5	10	8	40	4	
5	10	9	42	4	
4	12	9	47	4	
4	13	9	53	4	
5	16	10	47	4	
6	14	9	43	4	
8	13	8	44	4	
8	14	10	45	4	
6	14	11	50	4	
7	17	11	55	4	
6	19	11	58	4	
7	19	12	63	4	
7	17	16	57	4	
8	19	18	59	4	
7	21	20	60	4	
8	22	20	61	4	
8	23	20	57	4	
8	21	19	56	4	
12	22	18	64	4	
11	22	15	66	4	
12	21	14	64	4	
15	22	14	70	4	
15	23	14	73	4	
17	22	15	67	4	
17	21	18	67	4	
18	22	18	62	4	
23	21	19	65	4	
26	18	20	66	4	
24	17	23	61	4	
24	18	24	60	4	
28	19	28	60	4	
30	15	29	58	4	
32	15	29	59	4	
29	17	28	56	4	
30	19	34	57	0	
31	20	31	54	0	
33	21	29	55	0	
34	21	31	57	0	
30	21	34	56	0	
30	23	33	62	4	
32	22	32	58	4	
32	25	29	62	4	
37	24	28	65	4	
39	26	26	72	4	
42	24	27	74	4	
40	25	29	75	4	
40	27	30	73	4	
37	30	31	78	4	
41	30	31	81	4	
42	32	34	82	4	
41	35	32	82	4	
38	31	32	90	4	
34	31	29	87	4	
33	34	28	92	4	
30	36	29	93	4	
31	39	27	92	4	
31	38	31	102	4	
31	41	33	108	4	
28	37	37	107	4	
32	38	37	107	4	
32	36	39	108	4	
29	42	42	113	4	
28	42	45	111	4	
29	45	48	112	4	
32	47	45	118	4	
32	52	52	125	4	
35	46	49	133	4	
34	46	53	132	4	
35	47	58	134	4	
37	48	58	133	4	
39	48	58	135	4	
34	50	57	138	4	
32	48	56	147	4	
32	50	54	152	4	
31	49	58	155	4	
27	47	58	152	4	
28	46	54	162	4	
27	45	57	159	4	
28	51	59	155	4	
27	50	59	154	4	
23	53	67	150	4	
19	58	63	155	4	
19	59	67	171	4	
19	59	72	171	4	
18	59	71	178	4	
17	55	72	182	4	
18	56	77	186	4	
21	60	77	186	4	
20	58	85	194	4	
22	60	82	205	4	
24	64	81	211	4	
26	58	86	205	4	
26	57	89	211	4	
28	57	92	211	4	
25	61	97	220	4	
26	58	104	229	4	
27	56	104	233	4	
29	54	106	240	4	
28	51	109	248	4	
34	50	112	248	4	
32	56	113	258	4	
32	55	117	243	4	
30	58	124	249	4	
31	54	126	246	4	
32	55	125	233	4	
31	54	130	240	4	
29	54	128	245	4	
30	57	129	247	4	
30	55	129	254	4	
30	53	119	247	4	
31	53	123	254	4	
34	53	126	256	4	
28	57	127	257	4	
31	57	137	264	4	
32	58	134	273	4	
37	56	132	276	4	
40	51	141	278	4	
38	56	138	289	4	
39	56	145	294	4	
41	58	156	282	4	
46	51	159	291	4	
49	57	154	274	4	
42	55	161	272	4	
40	56	162	275	4	
41	59	163	285	4	
44	55	157	294	4	
47	56	158	298	4	
49	57	166	289	4	
48	64	171	297	4	
44	65	160	309	4	
46	67	159	314	4	
44	70	159	315	4	
41	68	164	318	4	
35	71	161	323	4	
34	67	166	329	4	
37	68	174	336	4	
38	68	175	347	4	
35	65	186	347	4	
35	67	188	340	4	
37	73	195	357	4	
33	76	185	358	4	
32	84	177	372	4	
34	81	182	387	4	
36	79	192	391	4	
32	82	190	401	4	
32	81	194	414	4	
35	86	190	440	4	
31	77	187	434	4	
32	71	193	450	4	
31	74	205	465	4	
34	77	215	461	4	
40	79	220	460	4	
42	76	222	473	4	
45	77	235	486	4	
43	80	231	487	4	
46	78	237	483	4	
44	78	233	489	4	
47	76	237	488	4	
49	84	247	507	4	
51	85	255	519	4	
50	87	263	514	4	
49	86	263	504	4	
51	84	264	505	4	
53	81	257	504	4	
46	82	262	522	4	
47	79	267	492	4	
50	89	282	489	4	
52	99	281	484	4	
55	98	294	496	4	
56	101	300	504	4	
60	105	295	527	4	
65	111	284	510	4	
64	114	306	504	4	
58	120	310	499	4	
65	128	321	494	4	
69	126	334	515	4	
70	131	325	530	4	
72	129	339	541	4	
73	128	336	540	4	
75	128	356	543	4	
72	122	352	546	4	
72	125	330	565	4	
73	123	336	575	4	
72	120	333	570	4	
70	124	341	582	4	
74	131	356	595	4	
72	127	360	588	4	
70	128	367	580	4	
69	132	375	584	4	
70	135	380	606	4	
70	143	389	625	4	
72	143	385	641	4	
69	145	395	645	4	
66	141	397	640	4	
62	147	405	645	4	
65	148	397	650	4	
64	147	392	661	4	
64	145	406	661	4	
63	138	405	664	4	
61	133	410	682	4	
61	136	403	687	4	
64	135	407	705	4	
60	146	410	693	4	
60	153	403	692	4	
61	150	401	690	4	
61	151	412	679	4	
63	147	409	672	4	
59	145	417	652	4	
58	148	422	642	4	
59	146	431	653	4	
56	140	419	651	4	
54	144	417	649	4	
56	138	407	654	4	
59	132	410	664	4	
65	131	420	658	4	
71	125	429	683	4	
69	124	436	702	4	
65	124	448	700	4	
65	131	441	698	4	
67	137	443	692	4	
66	128	445	684	4	
70	126	453	693	4	
73	132	453	703	4	
66	140	461	718	4	
67	141	473	699	4	
75	141	487	692	4	
74	130	494	697	4	
76	129	486	682	4	
83	125	492	674	4	
78	125	488	663	4	
82	125	503	662	4	
90	123	503	681	4	
86	127	488	711	4	
89	129	503	725	4	
89	131	505	721	4	
87	134	504	742	4	
88	127	491	745	4	
82	129	503	745	4	
86	129	519	734	4	
83	130	530	744	4	
79	122	526	746	4	
78	124	545	762	4	
83	125	537	740	4	
84	125	537	769	4	
89	123	509	755	4	
90	123	501	755	4	
99	129	499	753	4	
97	126	512	761	4	
99	136	511	777	4	
93	138	514	769	4	
90	135	513	751	4	
77	131	522	764	4	
79	138	524	779	4	
82	139	515	789	4	
81	139	524	787	4	
82	146	539	783	4	
86	147	529	790	4	
86	144	544	797	4	
83	145	554	793	4	
81	146	580	769	4	
82	145	572	763	4	
79	147	573	749	4	
76	147	579	729	4	
82	149	588	744	4	
79	147	596	732	4	
82	151	613	745	4	
78	162	611	753	4	
75	158	607	748	4	
71	159	605	727	4	
71	157	611	721	4	
72	149	612	723	4	
72	145	613	739	4	
72	147	603	761	4	
70	146	624	763	4	
69	156	636	771	4	
65	157	633	780	4	
64	156	630	787	4	
63	162	630	797	4	
62	166	630	796	4	
64	160	628	786	4	
66	156	625	777	4	
72	152	637	769	4	
66	148	657	775	4	
63	147	670	778	4	
59	145	670	768	4	
58	140	675	762	0	
55	138	676	752	0	
62	132	660	745	0	
60	129	665	761	0	
65	131	659	735	0	
59	133	663	721	0	
61	132	657	720	0	
63	135	672	724	0	
56	137	680	718	0	
62	145	678	726	0	
61	148	664	732	0	
60	144	662	731	0	
63	139	660	728	0	
60	139	667	727	0	
66	137	679	718	0	
71	137	664	713	0	
73	134	657	725	0	
74	133	665	720	0	
72	128	671	722	0	
76	133	650	725	0	
74	134	647	724	0	
76	131	669	715	0	
73	135	657	723	0	
71	129	676	713	0	
70	128	674	732	0	
66	115	667	743	0	
67	123	672	749	0	
73	124	674	773	4	
72	122	671	754	0	
69	126	680	760	0	
64	120	667	788	4	
64	136	665	780	4	
70	132	655	775	4	
79	131	631	780	4	
84	130	638	799	4	
89	127	638	803	4	
87	133	651	813	4	
83	141	655	806	4	
88	147	664	786	4	
83	146	664	800	4	
82	138	671	786	4	
84	126	677	787	4	
85	128	682	781	4	
84	119	680	759	0	
84	123	670	747	0	
83	123	662	735	0	
83	116	674	735	0	
81	115	668	734	0	
83	114	664	748	0	
87	110	653	767	4	
85	105	659	773	4	
76	109	656	763	4	
77	114	661	762	4	
77	113	656	747	0	
78	117	663	752	0	
71	119	684	753	0	
69	120	681	746	0	
64	117	678	744	0	
67	111	684	737	0	
69	112	666	740	0	
69	111	672	745	0	
68	119	660	736	0	
68	123	679	729	0	
67	117	675	722	0	
67	122	675	711	0	
68	121	687	733	0	
72	117	688	737	0	
74	124	703	724	0	
72	121	718	731	0	
73	125	709	726	0	
76	127	694	724	0	
79	124	683	714	0	
79	127	693	722	0	
65	130	689	731	0	
63	127	702	728	0	
60	121	699	728	0	
60	123	693	729	0	
63	126	673	726	0	
61	129	666	744	0	
57	134	676	731	0	
53	137	655	738	0	
53	135	659	741	0	
56	129	655	728	0	
53	129	667	716	0	
49	129	678	720	0	
51	127	694	725	0	
47	123	664	723	0	
50	127	649	719	0	
50	126	663	715	0	
50	126	673	725	0	
50	125	643	723	0	
50	128	648	711	0	
57	128	640	701	0	
58	125	643	714	0	
59	127	657	724	0	
60	120	661	721	0	
62	114	684	697	0	
60	112	696	695	0	
57	120	698	688	0	
55	119	702	694	0	
56	115	696	685	0	
58	121	693	691	0	
56	115	682	705	0	
56	113	685	716	0	
59	113	706	705	0	
58	110	712	721	0	
58	114	680	705	0	
55	107	689	707	0	
56	105	681	690	0	
58	100	702	678	0	
58	100	706	682	0	
62	106	698	690	0	
63	110	706	700	0	
60	107	707	690	0	
61	105	709	698	0	
59	100	723	706	0	
62	96	714	715	0	
66	97	714	699	0	
67	92	722	695	0	
64	94	697	683	0	
68	98	693	676	0	
70	101	712	661	0	
68	110	716	655	0	
68	113	716	657	0	
71	117	732	664	0	
65	120	747	660	0	
65	122	753	671	0	
67	120	757	668	0	
66	119	774	651	3	
71	113	756	662	0	
71	118	775	669	3	
72	117	783	663	3	
63	112	784	657	3	
62	111	773	654	3	
63	116	781	658	3	
64	117	788	636	3	
62	110	772	647	3	
65	113	776	648	3	
60	107	791	655	3	
61	111	783	666	3	
58	109	797	676	3	
55	95	787	679	3	
54	93	785	678	3	
55	88	804	674	3	
50	83	803	674	3	
53	86	803	671	3	
51	88	814	646	3	
50	82	823	641	3	
47	86	796	637	3	
50	85	809	648	3	
47	86	810	658	3	
44	85	816	664	3	
44	86	832	660	3	
45	90	842	668	3	
47	96	833	679	3	
47	86	820	653	3	
46	79	816	653	3	
46	79	811	664	3	
48	73	819	693	3	
46	69	815	685	3	
44	74	810	680	3	
42	70	805	688	3	
42	75	799	677	3	
45	80	772	689	0	
48	76	771	683	0	
43	82	785	684	3	
44	82	765	686	0	
44	81	766	690	0	
46	85	764	697	0	
48	89	763	694	0	
47	86	776	719	0	
47	85	775	702	0	
56	84	758	709	0	
64	83	759	702	0	
62	83	742	709	0	
58	81	736	717	0	
58	81	755	721	0	
56	80	766	729	0	
60	79	780	727	0	
62	75	791	729	0	
59	79	785	738	0	
58	76	784	738	0	
59	78	812	752	0	
56	78	805	744	0	
51	76	804	758	0	
48	72	800	780	0	
50	76	795	783	0	
47	76	792	795	0	
46	80	755	797	0	
46	79	770	772	0	
46	82	763	794	0	
44	80	774	775	0	
45	79	778	769	0	
40	75	781	795	0	
42	78	779	806	0	
43	76	786	802	0	
41	80	771	790	0	
41	78	763	769	0	
40	79	753	784	0	
41	78	775	779	0	
43	88	779	804	0	
43	90	775	775	0	
41	96	771	794	0	
39	90	781	791	0	
42	95	788	808	0	
40	98	778	814	0	
37	95	774	796	0	
43	91	773	810	0	
43	87	773	808	0	
43	89	789	809	0	
38	87	770	796	0	
36	84	776	804	0	
38	86	754	795	0	
40	87	766	799	0	
41	88	770	800	0	
38	86	772	812	0	
45	82	765	808	0	
44	83	769	805	0	
42	86	762	807	0	
46	89	768	805	0	
52	87	760	791	0	
51	87	765	811	0	
49	85	760	812	0	
52	86	765	822	0	
56	83	752	817	0	
51	89	757	809	0	
55	93	761	804	0	
57	95	742	790	0	
61	93	735	809	0	
56	99	729	807	0	
53	99	744	795	0	
53	96	752	786	0	
52	95	749	803	0	
57	96	749	799	0	
52	96	758	814	0	
63	93	771	818	0	
64	100	767	821	0	
63	94	737	817	0	
59	87	741	784	0	
55	84	732	790	0	
54	87	728	783	0	
59	87	728	783	0	
61	92	733	783	0	
59	89	733	772	0	
58	81	739	776	0	
52	76	735	783	0	
59	77	724	800	0	
55	71	709	799	0	
51	68	707	788	0	
55	68	698	779	0	
61	74	682	752	0	
62	78	679	733	0	
68	80	680	734	0	
61	76	686	762	0	
67	82	677	750	0	
77	82	667	741	0	
78	80	674	705	0	
75	82	681	703	0	
77	81	691	702	0	
73	79	708	705	0	
74	80	723	692	0	
69	83	730	688	0	
74	84	729	671	0	
84	85	722	676	0	
82	87	725	684	0	
85	83	724	681	0	
89	82	722	673	0	
88	87	725	658	0	
88	79	701	681	0	
83	80	707	700	0	
85	81	702	702	0	
92	82	697	704	0	
94	80	700	676	0	
88	79	721	684	0	
92	82	742	695	0	
91	78	744	705	0	
95	76	741	694	0	
97	71	736	708	0	
94	76	745	695	0	
97	82	734	686	0	
99	89	731	676	0	
100	88	725	678	0	
97	83	730	691	0	
92	76	714	711	0	
96	81	726	688	0	
99	82	753	726	0	
97	82	749	712	0	
94	80	740	727	0	
99	81	748	725	0	
96	78	780	716	0	
97	79	780	699	0	
97	77	788	700	0	
101	76	771	688	0	
106	76	774	700	0	
108	75	756	700	0	
109	75	743	710	0	
105	84	737	707	0	
104	83	726	708	0	
110	80	706	716	0	
106	80	704	718	0	
106	80	714	717	0	
110	74	715	729	0	
113	73	706	699	0	
114	74	733	702	0	
104	70	737	696	0	
100	69	726	702	0	
96	77	712	704	0	
95	80	731	719	0	
89	76	725	710	0	
92	78	719	708	0	
98	75	717	699	0	
98	75	728	683	0	
103	68	719	708	0	
95	63	706	710	0	
96	68	738	725	0	
95	64	749	710	0	
92	65	770	714	0	
101	64	755	714	0	
94	67	754	711	0	
95	64	753	709	0	
97	58	755	724	0	
96	57	772	709	0	
93	57	766	720	0	
91	63	762	716	0	
84	59	779	718	0	
82	63	770	708	0	
88	65	744	692	0	
82	73	732	689	0	
85	69	736	703	0	
82	66	737	704	0	
82	63	760	711	0	
85	64	765	707	0	
79	60	757	702	0	
88	59	734	712	0	
89	51	738	717	0	
84	47	712	726	0	
87	53	720	709	0	
83	57	720	737	0	
84	60	721	718	0	
83	61	734	708	0	
85	58	731	721	0	
85	62	715	729	0	
92	59	717	726	0	
83	63	718	712	0	
75	58	714	728	0	
80	58	709	758	0	
80	59	704	736	0	
84	62	718	734	0	
86	62	710	742	0	
86	65	682	723	0	
84	68	686	740	0	
83	68	699	755	0	
78	71	705	741	0	
75	79	705	751	0	
75	79	715	760	0	
73	70	722	764	0	
76	67	721	768	0	
74	63	727	763	0	
75	61	713	769	0	
79	57	714	763	0	
77	61	708	757	0	
77	63	711	753	0	
79	66	715	748	0	
76	66	728	746	0	
78	63	717	739	0	
81	61	729	741	0	
81	64	729	755	0	
68	64	712	774	0	
74	63	713	760	0	
80	61	714	779	0	
83	58	702	763	0	
81	58	685	755	0	
82	54	683	769	0	
79	61	705	763	0	
78	63	704	763	0	
76	64	697	762	0	
73	65	681	761	0	
75	72	690	776	0	
70	78	694	777	0	
70	80	705	770	0	
72	79	675	765	0	
74	83	663	767	4	
75	79	654	765	4	
73	79	659	766	4	
75	75	657	773	4	
73	76	659	760	4	
72	76	656	758	4	
74	81	662	737	0	
71	79	670	731	0	
69	73	681	739	0	
70	72	686	741	0	
70	75	698	728	0	
71	74	699	720	0	
67	71	694	713	0	
65	73	705	730	0	
72	79	697	736	0	
74	82	699	736	0	
69	79	705	754	0	
60	81	697	737	0	
59	78	686	747	0	
55	75	673	753	0	
57	76	672	760	0	
59	73	679	777	0	
61	72	680	762	0	
63	69	667	751	0	
68	69	672	742	0	
73	72	685	759	0	
69	73	697	753	0	
77	71	691	752	0	
79	68	687	754	0	
77	59	664	760	0	
78	64	684	775	0	
83	61	687	752	0	
77	66	682	767	0	
80	68	670	763	0	
82	70	655	783	4	
87	74	660	781	4	
81	82	651	783	4	
84	84	648	786	4	
84	86	642	760	4	
89	91	641	778	4	
92	91	653	779	4	
93	84	650	788	4	
96	83	637	786	4	
92	85	623	817	4	
94	81	638	798	4	
97	76	638	800	4	
99	81	650	785	4	
102	82	667	781	4	
104	87	667	801	4	
103	86	667	785	4	
107	87	678	781	4	
108	87	680	758	0	
102	93	681	753	0	
104	90	684	737	0	
109	84	692	727	0	
104	72	670	739	0	
104	73	672	747	0	
104	70	661	751	0	
100	73	647	735	0	
96	72	669	751	0	
103	70	679	763	0	
107	64	692	770	0	
107	65	694	756	0	
108	70	688	743	0	
100	73	719	762	0	
97	74	731	773	0	
95	74	715	772	0	
99	72	706	761	0	
103	73	716	758	0	
102	75	725	759	0	
101	78	755	748	0	
111	75	743	758	0	
113	75	724	754	0	
112	77	720	747	0	
112	72	727	762	0	
109	69	720	777	0	
107	67	717	765	0	
106	69	727	775	0	
104	66	718	751	0	
102	70	716	753	0	
107	68	715	754	0	
108	65	723	763	0	
104	69	716	760	0	
108	68	711	742	0	
112	66	705	753	0	
110	67	688	755	0	
109	65	703	765	0	
106	69	681	773	0	
104	73	666	789	4	
98	74	675	768	0	
98	74	692	771	0	
100	76	685	763	0	
104	77	693	758	0	
103	81	704	738	0	
110	86	697	737	0	
111	81	699	745	0	
112	71	698	736	0	
112	74	698	754	0	
114	74	725	765	0	
113	77	716	764	0	
117	78	707	777	0	
128	77	703	789	0	
123	77	704	765	0	
120	76	688	755	0	
114	77	687	754	0	
115	70	682	754	0	
112	62	679	780	4	
121	61	685	790	4	
124	59	689	772	0	
129	59	672	778	4	
123	59	675	785	4	
126	62	648	783	4	
125	62	652	783	4	
133	59	647	781	4	
133	60	646	775	4	
131	63	619	776	4	
137	66	640	781	4	
144	68	649	779	4	
143	67	638	791	4	
137	73	629	807	4	
133	75	644	785	4	
137	79	651	773	4	
134	76	659	786	4	
138	77	648	786	4	
134	78	662	767	4	
136	76	659	762	4	
131	76	650	744	0	
131	74	665	752	0	
136	71	672	765	0	
137	70	678	750	0	
137	68	667	745	0	
142	67	677	759	0	
142	69	647	743	0	
142	76	652	755	4	
142	74	655	731	0	
153	74	648	759	4	
141	79	660	761	4	
142	74	667	767	4	
146	78	652	760	4	
146	79	650	764	4	
133	79	672	794	4	
136	76	671	793	4	
135	76	645	797	4	
136	77	650	798	4	
138	77	639	802	4	
142	73	631	809	4	
140	73	656	814	4	
142	76	639	796	4	
137	75	631	792	4	
134	76	627	790	4	
138	75	633	778	4	
129	74	622	773	4	
131	73	613	772	4	
130	73	623	791	4	
138	73	618	806	4	
141	68	594	819	4	
139	65	604	826	4	
136	66	590	821	4	
141	77	584	817	4	
141	77	601	807	4	
135	77	601	821	4	
140	72	603	841	4	
143	72	614	823	4	
141	65	615	819	4	
138	60	622	813	4	
139	60	635	809	4	
139	59	633	814	4	
142	57	657	806	4	
144	60	671	809	4	
138	61	658	796	4	
137	62	642	788	4	
133	59	639	800	4	
131	55	632	805	4	
142	51	630	796	4	
144	50	640	805	4	
139	54	653	820	4	
140	55	653	827	4	
142	53	642	817	4	
141	59	645	815	4	
141	57	648	820	4	
139	49	657	829	4	
139	49	650	808	4	
133	49	660	786	4	
139	45	675	775	4	
137	44	669	771	4	
135	43	677	754	0	
132	44	677	753	0	
126	45	698	750	0	
130	49	709	734	0	
123	50	705	754	0	
123	49	683	748	0	
120	48	693	772	0	
123	50	696	763	0	
124	52	692	774	0	
122	48	693	767	0	
123	50	695	768	0	
116	54	686	761	0	
115	55	668	772	4	
105	58	658	779	4	
105	59	665	776	4	
102	55	678	777	4	
102	57	664	781	4	
105	60	667	759	0	
103	60	679	762	0	
93	57	670	746	0	
100	57	680	723	0	
100	57	695	734	0	
104	62	698	741	0	
108	63	696	764	0	
107	63	682	761	0	
101	61	669	774	4	
99	63	671	769	4	
98	61	674	772	4	
97	60	654	783	4	
102	54	648	801	4	
105	53	639	818	4	
104	56	633	815	4	
109	52	655	814	4	
114	53	675	823	4	
109	54	670	829	4	
105	56	650	822	4	
100	48	640	830	4	
105	46	633	828	4	
102	51	639	845	4	
110	50	637	848	4	
114	55	651	861	4	
110	62	653	859	4	
106	59	660	841	4	
104	59	657	845	4	
100	57	665	872	4	
101	59	680	870	4	
99	59	680	867	4	
93	60	680	886	4	
96	64	676	877	4	
101	71	674	879	4	
100	76	663	866	4	
106	74	646	861	4	
112	77	651	853	4	
111	78	638	841	4	
105	73	639	841	4	
104	68	635	839	4	
99	70	643	847	4	
104	70	656	864	4	
110	70	664	864	4	
101	71	632	868	4	
104	65	604	860	4	
108	69	613	864	4	
107	77	616	877	4	
111	78	632	862	4	
116	79	629	862	4	
117	80	638	862	4	
113	83	650	858	4	
111	80	650	866	4	
106	74	636	863	4	
108	72	629	869	4	
113	68	626	891	4	
111	65	620	886	4	
112	65	635	900	4	
114	69	640	904	4	
103	72	650	911	4	
105	67	658	892	4	
108	73	644	919	4	
111	74	622	896	4	
115	72	623	887	4	
112	71	624	908	4	
106	68	619	898	4	
97	65	626	873	4	
97	62	632	860	4	
103	70	630	850	4	
103	70	640	852	4	
97	73	628	854	4	
102	74	642	852	4	
96	70	625	878	4	
103	71	622	843	4	
101	69	624	830	4	
99	67	625	828	4	
103	63	623	816	4	
107	61	613	840	4	
109	57	607	840	4	
108	54	604	861	4	
113	57	601	846	4	
106	56	605	817	4	
107	49	612	826	4	
110	45	607	818	4	
103	48	611	809	4	
99	48	605	842	4	
100	47	595	842	4	
110	49	583	836	4	
107	48	583	847	4	
105	49	598	863	4	
107	50	591	852	4	
105	46	580	869	4	
95	47	586	868	4	
100	50	595	849	4	
