0	0	0	1	0	
0	1	0	1	0	
0	2	0	1	0	
0	2	0	2	0	
0	2	0	3	0	
0	2	1	4	0	
1	1	0	4	0	
1	1	0	4	0	
2	2	0	3	0	
2	2	1	3	0	
3	2	2	4	0	
1	4	2	3	0	
1	4	3	3	0	
0	5	4	2	0	
0	5	5	4	0	
1	7	6	3	0	
1	10	6	3	0	
1	11	6	3	0	
3	11	8	3	0	
2	9	7	3	0	
2	9	6	3	0	
2	8	6	3	0	
2	6	5	2	0	
3	7	4	2	0	
3	7	5	3	0	
6	6	4	4	0	
5	6	4	5	0	
5	7	4	5	0	
6	6	3	6	0	
4	8	2	6	0	
4	6	2	6	0	
6	6	2	7	0	
6	8	2	5	0	
4	7	2	5	0	
5	7	2	5	0	
6	7	3	6	0	
8	8	3	9	0	
8	9	5	8	0	
11	9	3	8	0	
11	9	5	9	0	
12	10	4	11	0	
15	9	3	11	0	
14	9	5	11	0	
14	8	9	12	0	
14	11	10	13	0	
11	12	11	16	0	
9	13	9	17	0	
8	12	6	17	0	
6	11	6	16	0	
7	9	6	16	0	
7	10	7	17	0	
5	10	7	20	0	
6	11	10	21	0	
5	9	10	21	0	
6	8	8	23	4	
4	10	9	23	0	
4	10	10	24	0	
6	9	9	27	4	
8	9	10	26	4	
8	9	10	24	0	
8	10	12	25	0	
11	9	15	25	0	
11	12	16	28	0	
10	12	16	29	0	
13	12	17	32	0	
12	14	17	34	0	
10	14	15	34	4	
10	13	16	40	4	
10	13	15	47	4	
11	13	13	54	4	
7	12	12	53	4	
6	12	13	49	4	
4	13	15	49	4	
4	15	17	45	4	
4	14	17	49	4	
5	16	19	48	4	
4	18	22	52	4	
4	19	27	55	4	
3	21	24	56	4	
3	23	25	62	4	
4	26	20	66	4	
5	24	21	66	4	
4	24	25	68	4	
5	31	28	63	4	
6	27	29	62	4	
5	26	31	68	4	
4	24	33	64	4	
6	25	34	66	4	
6	26	37	65	4	
5	26	34	66	4	
6	27	37	70	4	
7	27	42	72	4	
8	30	41	69	4	
9	31	45	78	4	
10	31	45	76	4	
11	34	46	78	4	
8	32	44	84	4	
7	33	49	82	4	
7	29	45	91	4	
8	26	44	90	4	
8	30	45	86	4	
11	32	46	92	4	
11	36	49	91	4	
9	37	48	89	4	
11	37	50	91	4	
12	39	48	93	4	
11	31	48	90	4	
13	33	51	95	4	
12	33	55	97	4	
12	33	60	101	4	
11	29	55	109	4	
11	31	54	117	4	
10	29	54	125	4	
11	28	57	124	4	
11	29	58	127	4	
11	28	51	128	4	
13	27	51	127	4	
11	26	58	128	4	
15	29	54	137	4	
11	29	61	146	4	
14	30	64	148	4	
15	31	62	148	4	
14	33	59	147	4	
15	31	68	162	4	
14	33	70	167	4	
13	32	68	171	4	
14	33	70	158	4	
16	37	70	154	4	
17	38	73	162	4	
16	38	80	165	4	
18	37	76	170	4	
18	34	82	171	4	
19	33	92	181	4	
21	37	99	180	4	
19	39	95	184	4	
20	39	96	185	4	
19	41	100	185	4	
16	44	108	196	4	
17	46	116	205	4	
19	47	114	213	4	
21	46	113	210	4	
24	45	116	211	4	
23	46	119	214	4	
23	47	119	212	4	
24	46	125	207	4	
23	42	114	215	4	
23	41	115	217	4	
23	42	109	228	4	
25	45	119	235	4	
25	42	125	247	4	
27	47	123	259	4	
25	52	131	264	4	
23	45	134	262	4	
23	50	129	276	4	
25	47	131	281	4	
27	45	137	285	4	
25	46	147	270	4	
23	46	152	257	4	
21	49	157	258	4	
22	52	161	258	4	
24	51	163	257	4	
26	51	168	258	4	
27	49	173	268	4	
29	53	163	277	4	
28	54	173	263	4	
28	51	180	272	4	
26	48	174	277	4	
30	51	180	281	4	
29	53	184	281	4	
28	54	181	289	4	
27	57	179	299	4	
30	54	183	305	4	
29	53	184	300	4	
27	53	185	318	4	
27	53	199	326	4	
28	60	201	327	4	
27	63	203	323	4	
32	65	213	315	4	
35	61	205	314	4	
32	62	212	321	4	
35	61	217	331	4	
33	65	226	337	4	
33	68	231	334	4	
38	68	232	335	4	
38	66	234	334	4	
42	68	235	332	4	
42	70	236	335	4	
41	70	236	348	4	
42	74	251	355	4	
42	73	253	367	4	
48	78	256	375	4	
49	75	258	381	4	
47	74	259	379	4	
49	76	264	382	4	
48	75	268	373	4	
48	75	275	380	4	
49	77	269	382	4	
48	72	273	390	4	
46	72	279	387	4	
47	68	294	392	4	
48	71	305	394	4	
51	71	310	400	4	
56	71	300	402	4	
61	74	302	412	4	
59	77	308	416	4	
61	79	308	430	4	
61	87	318	430	4	
56	92	320	425	4	
64	96	335	436	4	
67	96	342	441	4	
67	97	333	448	4	
76	95	328	437	4	
73	96	323	444	4	
76	88	333	447	4	
84	86	341	449	4	
80	87	347	464	4	
82	89	359	465	4	
83	92	359	464	4	
84	89	363	467	4	
78	90	380	458	4	
78	100	387	481	4	
70	108	389	477	4	
64	110	385	486	4	
64	107	393	486	4	
65	109	381	507	4	
63	111	393	501	4	
64	110	406	488	4	
59	104	401	495	4	
60	109	399	498	4	
63	110	392	492	4	
67	106	408	497	4	
73	113	395	499	4	
71	113	396	496	4	
72	114	397	505	4	
74	114	388	510	4	
73	108	402	516	4	
73	107	400	523	4	
74	107	393	526	4	
75	114	397	528	4	
74	114	402	528	4	
79	119	393	548	4	
80	113	385	542	4	
79	110	389	535	4	
79	115	406	539	4	
80	119	412	545	4	
83	117	419	542	4	
82	122	417	540	4	
88	116	432	541	4	
85	117	447	534	4	
82	119	430	544	4	
83	119	432	538	4	
82	130	429	542	4	
87	132	439	547	4	
90	136	455	537	4	
90	131	450	548	4	
96	137	441	554	4	
95	135	423	566	4	
99	135	432	571	4	
103	133	451	568	4	
109	131	468	580	4	
109	133	469	579	4	
109	135	474	602	4	
110	138	488	590	4	
108	126	496	580	0	
113	126	495	564	0	
114	127	501	565	0	
112	135	510	553	0	
111	140	518	547	0	
107	150	509	552	0	
108	150	492	558	0	
106	138	501	561	0	
100	134	498	566	0	
102	133	496	587	4	
100	131	499	576	0	
102	140	505	578	0	
97	132	521	584	0	
99	132	519	576	0	
95	136	526	571	0	
91	135	526	567	0	
93	126	525	552	0	
94	123	524	552	0	
92	130	530	559	0	
90	130	541	550	0	
88	133	547	538	0	
85	117	564	543	0	
89	118	550	549	0	
83	109	541	551	0	
83	111	559	565	0	
79	109	563	568	0	
82	108	570	564	0	
78	104	566	570	0	
75	106	583	575	0	
75	107	609	595	0	
78	107	617	587	0	
83	112	622	584	0	
88	115	600	578	0	
94	110	600	581	0	
96	114	591	593	0	
98	110	590	607	0	
97	110	604	603	0	
96	110	620	606	0	
96	109	617	604	0	
102	102	623	624	0	
101	104	616	615	0	
100	108	617	639	0	
100	109	615	631	0	
101	106	610	626	0	
101	110	623	614	0	
106	114	605	625	0	
104	111	599	614	0	
100	115	600	632	0	
93	110	620	625	0	
90	113	632	618	0	
97	113	636	616	0	
100	113	622	616	0	
108	113	629	627	0	
112	105	642	628	0	
118	113	630	631	0	
126	116	645	638	0	
127	110	637	630	0	
131	106	649	615	0	
126	108	672	625	0	
133	112	665	632	0	
128	116	671	630	0	
125	109	676	624	0	
116	103	684	635	0	
106	108	691	634	0	
101	104	701	639	0	
102	99	704	645	0	
98	103	688	652	0	
97	105	691	642	0	
96	108	690	644	0	
94	116	696	641	0	
96	116	690	656	0	
94	121	690	672	0	
94	120	687	680	0	
88	122	680	668	0	
92	126	679	676	0	
91	128	673	684	0	
95	124	684	662	0	
92	122	673	644	0	
86	126	671	665	0	
89	123	670	666	0	
91	123	672	659	0	
82	123	676	643	0	
85	126	700	658	0	
86	124	694	642	0	
85	123	706	630	0	
85	118	718	607	3	
90	126	734	601	3	
83	141	727	599	3	
84	137	720	593	3	
85	132	723	587	3	
84	135	732	578	3	
83	138	727	591	3	
84	126	718	604	3	
88	119	736	604	3	
84	112	750	594	3	
78	102	769	594	3	
80	99	782	606	3	
83	88	765	615	3	
85	85	763	625	3	
85	84	797	619	3	
82	81	799	606	3	
87	83	805	600	3	
93	81	796	587	3	
98	81	776	590	3	
97	88	779	586	3	
95	91	784	582	3	
93	93	785	584	3	
93	97	795	576	3	
93	97	796	583	3	
88	98	811	569	3	
92	96	802	563	3	
94	102	816	582	3	
91	96	815	587	3	
95	94	823	580	3	
97	101	820	591	3	
94	102	810	600	3	
95	108	798	603	3	
97	108	800	597	3	
88	111	788	596	3	
93	110	791	594	3	
93	109	797	596	3	
98	106	815	614	3	
97	108	799	612	3	
98	109	797	609	3	
90	108	811	601	3	
92	107	777	599	3	
98	109	783	591	3	
95	115	763	599	3	
99	108	764	596	3	
102	105	775	574	3	
107	109	794	588	3	
112	120	821	594	3	
107	117	836	597	3	
98	112	847	601	3	
97	115	849	616	3	
99	122	861	604	3	
96	124	841	610	3	
99	129	844	629	3	
94	128	836	633	3	
91	129	837	632	3	
95	123	822	630	3	
99	117	818	627	3	
95	117	807	628	3	
98	120	813	622	3	
105	122	802	606	3	
105	128	792	610	3	
102	125	784	615	3	
101	124	781	622	3	
102	121	788	612	3	
104	124	797	597	3	
104	125	816	585	3	
109	121	819	588	3	
116	117	828	591	3	
113	125	822	608	3	
115	122	815	614	3	
113	120	828	609	3	
111	126	824	603	3	
99	133	845	602	3	
93	138	845	618	3	
89	132	827	607	3	
89	135	813	607	3	
91	129	820	600	3	
95	125	855	604	3	
92	124	845	592	3	
93	121	832	586	3	
89	118	833	583	3	
87	121	827	575	3	
90	123	835	575	3	
92	123	806	573	3	
91	129	793	587	3	
89	131	799	582	3	
91	135	817	581	3	
84	135	796	579	3	
80	131	816	592	3	
91	134	809	609	3	
88	135	813	609	3	
85	139	800	607	3	
84	143	810	611	3	
80	143	805	612	3	
78	141	805	589	3	
77	138	811	609	3	
79	133	814	605	3	
82	134	833	594	3	
82	135	827	578	3	
84	138	832	585	3	
84	142	847	590	3	
81	141	845	601	3	
80	141	845	583	3	
84	140	836	577	3	
80	138	820	588	3	
84	137	831	575	3	
82	135	826	577	3	
89	133	814	578	3	
76	132	802	575	3	
77	132	792	571	3	
80	129	801	585	3	
75	122	817	591	3	
76	124	811	600	3	
75	119	833	608	3	
83	114	840	617	3	
83	116	864	599	3	
84	118	830	584	3	
77	119	840	579	3	
79	119	833	585	3	
77	117	831	581	3	
78	114	852	580	3	
76	116	860	582	3	
81	120	848	583	3	
80	120	861	575	3	
78	125	851	578	3	
76	117	855	587	3	
75	110	853	582	3	
76	113	869	583	3	
71	111	864	602	3	
78	116	837	608	3	
81	121	837	619	3	
74	118	832	612	3	
74	121	824	623	3	
72	119	829	620	3	
68	125	815	613	3	
65	125	827	617	3	
64	119	808	613	3	
60	118	811	592	3	
57	118	807	583	3	
56	119	791	585	3	
53	113	794	587	3	
55	112	788	577	3	
58	108	791	579	3	
60	111	813	569	3	
62	110	813	580	3	
58	108	813	580	3	
58	113	842	564	3	
49	104	849	561	3	
45	102	850	574	3	
44	104	847	578	3	
43	108	838	575	3	
41	105	837	573	3	
40	104	859	564	3	
44	107	827	571	3	
47	105	837	581	3	
49	115	829	572	3	
50	107	835	587	3	
54	104	853	584	3	
50	106	820	571	3	
56	103	828	576	3	
54	100	842	571	3	
52	96	848	556	3	
56	92	840	558	3	
54	86	844	559	3	
53	86	845	571	3	
59	86	841	573	3	
60	84	846	566	3	
61	85	848	549	3	
60	84	855	562	3	
57	83	861	558	3	
58	79	873	566	3	
52	87	885	569	3	
54	98	897	578	3	
58	96	901	563	3	
58	88	912	562	3	
60	86	925	550	3	
66	92	897	554	3	
66	101	900	557	3	
61	109	917	559	3	
61	105	904	547	3	
62	106	898	556	3	
55	103	915	558	3	
59	96	914	554	3	
59	92	898	558	3	
65	93	869	558	3	
66	97	911	557	3	
60	98	925	566	3	
59	95	913	554	3	
61	89	886	546	3	
56	98	892	542	3	
56	100	897	540	3	
53	100	862	546	3	
51	104	842	544	3	
53	105	854	547	3	
56	101	854	549	3	
54	103	846	568	3	
59	105	855	591	3	
62	104	878	590	3	
62	110	891	583	3	
62	105	895	598	3	
60	109	896	595	3	
58	101	917	596	3	
56	107	901	593	3	
54	113	904	586	3	
53	111	891	589	3	
53	113	893	607	3	
58	112	914	608	3	
55	112	927	606	3	
62	114	930	618	3	
63	106	939	609	3	
60	117	953	628	3	
62	123	958	615	3	
59	123	940	609	3	
56	119	939	608	3	
58	128	927	622	3	
60	129	924	615	3	
57	141	913	605	3	
50	136	883	608	3	
52	135	876	624	3	
51	143	866	647	3	
49	145	862	619	3	
47	134	863	632	3	
53	131	872	630	3	
53	125	867	616	3	
52	128	865	615	3	
53	128	856	611	3	
56	132	857	625	3	
62	128	881	601	3	
67	137	886	616	3	
66	138	898	619	3	
69	142	887	614	3	
63	142	881	605	3	
65	143	868	606	3	
67	136	878	589	3	
65	133	862	581	3	
65	138	840	561	3	
62	144	833	572	3	
60	143	830	594	3	
61	142	847	593	3	
60	135	825	594	3	
64	142	845	603	3	
62	141	850	614	3	
59	133	837	625	3	
65	140	832	624	3	
65	139	830	629	3	
65	146	829	619	3	
65	156	844	602	3	
62	153	846	610	3	
59	147	858	606	3	
58	147	854	604	3	
56	144	875	597	3	
59	138	854	584	3	
56	148	848	586	3	
56	151	867	592	3	
53	144	857	596	3	
57	148	825	578	3	
60	151	823	566	3	
61	154	816	566	3	
65	145	814	557	3	
61	141	802	570	3	
61	144	810	573	3	
63	137	813	584	3	
61	131	810	578	3	
64	134	822	592	3	
65	138	823	592	3	
62	140	824	586	3	
59	138	797	579	3	
54	131	797	569	3	
56	130	769	580	3	
54	135	784	587	3	
55	132	787	583	3	
52	124	797	585	3	
50	132	806	600	3	
53	129	806	611	3	
54	133	793	606	3	
61	131	806	594	3	
62	130	831	593	3	
61	129	855	586	3	
62	126	850	614	3	
63	119	842	603	3	
55	125	866	611	3	
57	125	871	609	3	
59	124	883	606	3	
61	123	883	619	3	
58	121	880	603	3	
59	122	875	611	3	
60	120	866	605	3	
59	124	845	611	3	
58	122	827	614	3	
56	120	815	624	3	
55	122	830	607	3	
57	120	826	604	3	
56	125	823	612	3	
57	128	831	592	3	
57	127	841	594	3	
62	128	814	594	3	
67	129	809	592	3	
66	123	820	598	3	
72	110	813	607	3	
77	106	810	606	3	
68	110	835	601	3	
69	103	842	598	3	
62	101	845	592	3	
64	104	822	587	3	
62	108	813	595	3	
69	111	803	592	3	
70	108	796	605	3	
66	112	801	584	3	
62	116	804	570	3	
57	120	792	571	3	
61	118	797	580	3	
56	116	777	599	3	
53	117	785	604	3	
56	123	781	597	3	
50	121	808	603	3	
53	118	811	608	3	
49	114	820	607	3	
50	111	825	620	3	
54	112	807	602	3	
52	110	802	606	3	
53	116	825	613	3	
59	117	833	605	3	
63	115	821	606	3	
61	111	826	607	3	
63	116	811	622	3	
62	110	834	616	3	
57	100	843	621	3	
53	97	818	622	3	
57	98	832	636	3	
52	93	840	647	3	
55	95	842	665	3	
59	104	869	649	3	
63	104	862	626	3	
64	95	862	631	3	
59	95	865	640	3	
58	94	857	627	3	
58	94	849	635	3	
60	99	828	646	3	
57	98	827	640	3	
58	94	817	640	3	
64	88	812	655	3	
61	90	818	665	3	
68	99	811	662	3	
68	98	812	651	3	
68	102	836	646	3	
65	103	826	641	3	
64	102	840	635	3	
67	91	819	628	3	
68	93	814	653	3	
69	88	820	650	3	
75	96	827	648	3	
80	97	837	651	3	
81	94	853	658	3	
75	91	839	673	3	
78	85	824	675	3	
79	84	823	676	3	
83	72	817	682	3	
79	74	816	700	3	
81	78	825	688	3	
84	76	826	705	3	
87	85	834	703	3	
86	80	824	696	3	
87	83	827	685	3	
89	83	821	699	3	
87	81	818	717	3	
84	84	809	701	3	
82	83	799	712	0	
78	87	816	712	3	
76	92	815	692	3	
70	89	823	680	3	
70	86	818	673	3	
77	84	806	670	3	
74	88	789	659	3	
71	87	777	649	3	
72	82	792	642	3	
73	87	796	661	3	
74	86	813	653	3	
79	91	805	644	3	
74	83	810	643	3	
78	80	817	645	3	
78	81	834	639	3	
82	78	823	645	3	
75	77	821	644	3	
76	80	836	659	3	
80	78	818	659	3	
79	75	807	671	3	
83	78	823	673	3	
85	76	811	680	3	
84	75	801	681	3	
90	74	806	678	3	
87	74	810	701	3	
84	77	803	678	3	
84	79	811	685	3	
88	80	799	679	3	
85	82	778	684	0	
77	81	774	691	0	
78	82	781	683	0	
81	79	776	676	3	
81	77	774	666	3	
86	84	763	663	3	
90	89	784	657	3	
89	85	797	678	3	
93	90	793	682	3	
93	91	816	674	3	
88	89	826	663	3	
88	92	829	657	3	
80	85	845	649	3	
83	90	833	640	3	
76	91	812	646	3	
70	86	813	646	3	
69	83	823	631	3	
69	84	830	640	3	
66	85	820	629	3	
70	88	815	629	3	
72	90	806	634	3	
63	88	813	643	3	
65	89	804	642	3	
68	89	810	640	3	
67	82	829	625	3	
64	77	825	642	3	
70	77	841	645	3	
75	77	835	650	3	
79	82	842	656	3	
80	80	855	664	3	
79	81	881	656	3	
75	79	856	658	3	
72	81	864	655	3	
69	81	877	654	3	
66	83	848	667	3	
66	86	820	666	3	
68	89	803	639	3	
69	85	786	642	3	
69	81	804	654	3	
73	78	798	651	3	
69	74	782	642	3	
72	77	795	647	3	
70	73	795	644	3	
69	76	788	655	3	
64	76	781	673	3	
63	69	766	687	0	
64	66	773	696	0	
66	65	785	709	0	
65	67	786	695	0	
67	59	792	695	0	
73	56	805	697	3	
72	62	786	677	3	
72	62	781	682	3	
73	60	780	674	3	
75	62	779	673	3	
83	60	792	661	3	
77	61	795	666	3	
81	55	810	641	3	
81	53	820	648	3	
78	52	834	649	3	
75	58	815	642	3	
77	57	803	658	3	
73	58	804	673	3	
65	60	801	676	3	
65	58	797	688	3	
68	63	809	680	3	
70	64	822	676	3	
67	72	823	680	3	
70	76	820	677	3	
66	73	837	653	3	
72	75	843	673	3	
74	78	839	671	3	
77	78	844	671	3	
72	85	823	681	3	
73	91	819	664	3	
69	100	827	659	3	
65	94	842	656	3	
65	99	848	649	3	
59	96	834	652	3	
56	96	844	668	3	
57	100	832	665	3	
60	103	828	645	3	
54	96	828	634	3	
56	89	822	637	3	
60	87	826	634	3	
62	93	827	645	3	
57	91	830	655	3	
58	86	827	662	3	
59	89	840	657	3	
58	89	850	655	3	
60	90	835	645	3	
59	97	834	671	3	
54	96	820	663	3	
57	91	813	655	3	
62	88	836	667	3	
60	88	813	658	3	
60	92	796	651	3	
59	96	783	664	3	
53	101	787	658	3	
55	105	795	657	3	
59	98	789	665	3	
57	90	765	686	0	
58	89	783	683	3	
57	86	780	686	0	
52	79	764	693	0	
51	86	750	680	0	
54	81	768	697	0	
56	77	792	701	0	
59	78	783	691	0	
65	78	784	696	0	
66	79	778	702	0	
59	73	786	712	0	
60	71	787	708	0	
54	72	816	730	0	
50	71	812	723	0	
46	73	814	708	3	
43	71	792	731	0	
39	68	792	730	0	
46	68	782	733	0	
44	67	804	750	0	
45	66	810	747	0	
42	69	815	754	0	
39	70	809	770	0	
35	69	797	745	0	
37	73	801	726	0	
36	73	788	712	0	
37	75	794	736	0	
40	79	790	760	0	
40	82	801	767	0	
41	81	798	763	0	
42	82	788	751	0	
48	80	768	752	0	
52	86	761	746	0	
52	83	774	762	0	
47	82	783	762	0	
42	80	759	759	0	
41	81	762	767	0	
40	80	753	769	0	
42	78	750	784	0	
37	74	758	780	0	
36	72	759	780	0	
36	69	780	781	0	
38	76	777	776	0	
37	74	787	793	0	
38	75	772	801	0	
36	77	764	802	0	
40	79	767	795	0	
38	80	779	785	0	
39	83	801	770	0	
39	79	786	764	0	
40	82	797	759	0	
45	78	782	764	0	
41	80	800	760	0	
40	76	795	753	0	
39	79	804	758	0	
38	73	805	739	0	
43	79	797	725	0	
47	81	788	700	0	
52	81	799	705	0	
48	84	810	689	3	
44	84	811	683	3	
45	89	804	675	3	
51	87	791	684	3	
52	83	751	697	0	
51	82	754	696	0	
54	77	774	698	0	
56	76	784	700	0	
56	78	793	691	3	
59	76	790	708	0	
57	77	770	706	0	
55	79	777	713	0	
49	85	753	714	0	
46	84	761	724	0	
48	87	760	717	0	
50	85	737	717	0	
52	85	744	725	0	
50	85	751	713	0	
50	84	750	691	0	
48	94	736	699	0	
47	97	760	705	0	
47	90	763	688	0	
48	87	785	699	0	
51	89	778	706	0	
52	88	788	700	0	
52	96	795	707	0	
53	96	793	689	3	
53	87	801	691	3	
54	80	806	694	3	
56	84	798	690	3	
58	88	786	698	0	
56	87	788	700	0	
49	87	791	702	0	
47	86	806	698	3	
51	88	812	677	3	
53	89	797	687	3	
57	91	800	698	3	
57	83	793	679	3	
60	81	781	689	0	
58	80	777	700	0	
63	86	780	686	0	
62	87	770	685	0	
59	84	776	677	3	
58	87	761	704	0	
55	90	752	718	0	
62	90	766	704	0	
61	90	759	697	0	
69	88	752	679	0	
65	82	764	687	0	
69	82	751	677	0	
70	85	767	668	3	
73	89	759	670	0	
74	94	774	663	3	
76	94	759	673	0	
79	101	784	680	3	
79	106	793	665	3	
79	106	782	683	3	
80	106	773	692	0	
77	108	766	676	0	
79	112	764	663	3	
74	103	758	669	0	
75	103	763	671	0	
78	104	762	667	0	
79	104	778	665	3	
72	108	778	664	3	
73	118	786	655	3	
73	121	766	658	3	
67	121	763	655	3	
67	119	774	654	3	
67	113	803	662	3	
67	111	794	688	3	
59	106	805	678	3	
64	108	794	692	3	
62	109	770	672	3	
60	107	760	657	3	
62	108	756	665	0	
62	113	766	689	0	
64	105	760	692	0	
60	107	765	701	0	
57	112	774	711	0	
55	113	755	715	0	
58	111	750	714	0	
56	109	742	706	0	
55	103	719	705	0	
60	110	707	704	0	
62	116	728	699	0	
63	110	732	693	0	
65	113	711	705	0	
69	118	733	690	0	
68	118	709	694	0	
67	118	721	712	0	
68	111	702	697	0	
64	114	708	695	0	
68	110	693	693	0	
66	108	702	693	0	
66	114	682	702	0	
67	108	671	683	0	
64	112	672	685	0	
61	111	673	684	0	
