0	0	0	1	0	
1	0	0	1	0	
2	0	0	1	0	
3	0	0	1	0	
5	0	0	1	0	
4	0	0	3	0	
6	0	0	2	0	
8	0	0	2	0	
10	0	0	3	0	
11	1	0	3	0	
11	0	0	3	0	
12	0	0	4	0	
11	0	1	4	0	
13	0	1	7	0	
10	1	1	7	0	
12	1	1	8	0	
12	1	2	8	0	
11	3	1	9	0	
10	4	1	10	0	
9	4	1	10	0	
9	5	2	10	0	
10	6	2	12	0	
9	2	3	13	0	
10	2	3	14	0	
9	1	4	15	0	
9	1	2	14	0	
10	1	4	14	0	
11	1	5	14	0	
12	2	5	14	0	
12	3	3	13	0	
14	3	2	12	0	
16	2	3	11	0	
15	1	2	11	0	
16	2	3	11	0	
16	2	4	9	0	
17	4	3	9	0	
19	5	4	11	0	
21	5	2	12	0	
19	5	2	11	0	
18	6	2	11	0	
17	7	2	12	0	
20	7	2	13	0	
19	7	2	14	0	
18	6	2	13	0	
19	7	2	14	0	
18	7	1	13	0	
19	5	1	15	0	
17	6	2	14	0	
16	8	2	16	0	
17	8	2	16	0	
18	9	2	15	0	
19	11	1	15	0	
18	11	1	12	0	
17	12	0	14	0	
19	12	1	13	0	
22	11	1	13	0	
18	13	1	13	0	
18	14	1	12	0	
15	15	1	12	0	
14	15	1	14	0	
14	15	2	14	0	
17	14	2	13	0	
17	14	2	14	0	
20	13	3	15	0	
20	13	2	16	0	
20	13	4	17	0	
18	12	5	18	0	
18	12	4	17	0	
20	12	4	14	0	
19	11	4	15	0	
22	11	5	16	0	
25	10	4	19	0	
21	11	5	22	0	
24	12	3	21	0	
25	10	4	19	0	
25	8	3	22	0	
24	8	3	24	0	
28	9	3	24	0	
29	11	2	25	0	
22	13	2	27	0	
22	14	2	30	0	
24	14	2	32	0	
25	16	2	34	0	
28	15	2	34	0	
25	13	2	34	0	
27	14	2	34	0	
25	16	2	41	0	
25	16	2	43	0	
26	19	1	54	4	
26	24	2	53	4	
23	22	2	51	4	
22	19	2	59	4	
21	22	1	60	4	
23	21	3	62	4	
19	21	3	63	4	
20	21	3	62	4	
19	20	5	62	4	
20	19	5	58	4	
18	21	5	59	4	
18	19	8	61	4	
16	18	9	69	4	
18	16	12	72	4	
20	21	14	72	4	
19	23	17	76	4	
22	26	18	81	4	
22	22	15	81	4	
23	26	18	85	4	
25	26	19	91	4	
26	25	22	92	4	
26	26	24	95	4	
27	26	28	102	4	
28	24	29	107	4	
27	26	32	115	4	
27	21	28	120	4	
23	19	28	128	4	
24	19	29	138	4	
24	19	29	141	4	
22	22	32	148	4	
23	23	36	149	4	
24	24	38	149	4	
28	25	38	156	4	
28	25	36	162	4	
27	23	35	175	4	
24	25	35	173	4	
24	25	36	174	4	
23	27	40	172	4	
19	25	46	184	4	
18	25	50	187	4	
15	25	54	193	4	
16	24	60	192	4	
16	25	56	195	4	
15	24	51	197	4	
15	23	51	196	4	
15	21	54	202	4	
18	20	56	207	4	
21	18	59	212	4	
22	22	62	216	4	
22	19	69	230	4	
20	21	69	228	4	
19	23	69	234	4	
22	23	70	238	4	
24	27	70	241	4	
27	29	70	251	4	
27	33	74	247	4	
24	31	73	255	4	
22	32	79	273	4	
21	34	80	284	4	
24	35	80	290	4	
23	37	80	293	4	
25	36	74	302	4	
29	36	75	311	4	
26	32	72	318	4	
29	29	71	315	4	
27	33	74	322	4	
26	32	72	314	4	
26	29	70	321	4	
31	28	68	329	4	
32	30	70	322	4	
32	34	66	333	4	
37	31	67	343	4	
36	28	76	340	4	
37	29	76	348	4	
39	28	80	352	4	
44	33	85	349	4	
45	36	79	365	4	
46	39	87	347	4	
46	42	91	366	4	
43	43	100	368	4	
43	40	101	376	4	
40	39	110	403	4	
44	43	111	413	4	
44	46	110	408	4	
48	39	121	411	4	
51	36	123	408	4	
56	32	126	409	4	
56	36	124	402	4	
53	36	128	421	4	
53	32	132	424	4	
60	31	128	420	4	
56	31	129	409	4	
57	34	138	400	4	
52	37	155	407	4	
49	37	163	404	4	
49	39	176	418	4	
51	42	174	431	4	
50	50	180	435	4	
50	48	175	445	4	
54	49	180	453	4	
52	48	192	471	4	
58	49	188	463	4	
56	46	188	464	4	
58	47	190	456	4	
55	55	193	462	4	
62	50	195	469	4	
64	49	194	482	4	
66	44	187	484	4	
64	43	195	481	4	
64	43	198	488	4	
65	43	200	504	4	
72	41	212	501	4	
70	45	200	496	4	
73	45	184	508	4	
75	42	185	519	4	
75	34	186	528	4	
80	39	186	526	4	
81	39	190	528	4	
80	35	193	536	4	
75	36	208	528	4	
74	34	208	531	4	
74	35	206	552	4	
78	33	210	548	4	
77	36	211	543	4	
79	41	222	561	4	
77	43	222	555	4	
76	48	219	546	4	
73	44	231	541	4	
74	40	229	542	4	
76	39	231	545	4	
76	43	230	551	4	
77	46	234	550	4	
85	48	241	547	4	
85	47	248	532	4	
87	51	245	532	4	
90	50	245	547	4	
83	53	246	555	4	
80	57	246	571	4	
84	63	241	574	4	
82	67	245	590	4	
80	67	249	606	4	
85	70	239	606	4	
80	67	234	613	4	
83	69	237	613	4	
89	67	235	614	4	
85	67	231	595	4	
85	61	242	607	4	
83	63	235	629	4	
89	58	235	627	4	
90	56	245	618	4	
94	55	256	622	4	
93	58	256	615	4	
94	61	266	625	4	
99	59	269	624	4	
98	60	275	629	4	
103	59	272	643	4	
109	61	273	646	4	
112	62	275	640	4	
116	58	277	632	4	
117	51	281	658	4	
119	55	281	665	4	
122	59	281	680	4	
124	58	273	690	4	
122	62	279	692	4	
126	70	283	685	4	
123	65	283	690	4	
126	62	289	674	4	
135	54	285	664	4	
131	57	283	670	4	
127	61	294	667	4	
124	61	289	655	4	
120	58	290	658	4	
121	62	284	662	4	
126	65	284	670	4	
123	63	285	660	4	
120	61	283	656	4	
126	62	284	666	4	
134	60	281	668	4	
136	69	293	685	4	
139	65	295	696	4	
131	63	299	721	4	
141	66	309	741	4	
138	63	310	721	4	
141	65	305	733	4	
141	68	303	723	4	
135	64	287	729	4	
136	64	276	736	4	
130	69	281	732	4	
135	71	284	738	4	
135	76	284	732	4	
139	75	284	741	4	
139	77	299	733	4	
147	75	301	748	4	
149	73	303	780	4	
154	74	313	809	4	
159	79	304	807	4	
154	80	309	812	4	
166	75	301	824	4	
164	70	305	819	4	
159	74	313	830	4	
159	74	314	819	4	
172	78	318	829	4	
173	75	315	826	4	
175	73	315	809	4	
169	81	315	817	4	
176	77	317	819	4	
171	84	313	823	4	
166	90	327	828	4	
162	90	327	826	4	
164	92	327	822	4	
159	88	315	815	4	
150	90	316	816	4	
145	96	326	828	4	
139	94	309	811	4	
137	93	315	848	4	
135	98	329	865	4	
137	93	329	856	4	
143	100	339	861	4	
146	103	348	864	4	
145	93	357	882	4	
142	91	367	882	4	
142	88	360	893	4	
148	84	366	893	4	
147	85	373	887	4	
145	78	376	890	4	
138	81	387	891	4	
140	81	388	881	4	
143	87	401	872	4	
143	87	399	878	4	
143	82	402	862	4	
136	83	412	859	4	
143	87	412	866	4	
143	87	413	875	4	
134	88	416	882	4	
135	82	410	905	4	
135	85	399	885	4	
142	87	404	893	4	
134	92	396	881	4	
140	95	401	869	4	
139	92	397	860	4	
145	94	403	883	4	
151	97	410	886	4	
155	108	405	871	4	
149	109	411	881	4	
150	103	401	889	4	
156	93	393	875	4	
143	96	386	882	4	
146	96	379	899	4	
155	100	382	900	4	
152	95	378	900	4	
151	94	396	909	4	
162	90	398	928	4	
160	93	394	918	4	
166	96	396	912	4	
164	91	398	903	4	
170	92	399	918	4	
165	97	404	923	4	
152	93	407	941	4	
162	93	402	974	4	
165	94	408	984	4	
164	83	401	954	4	
160	83	392	945	4	
155	82	403	951	4	
159	86	395	967	4	
162	86	401	971	4	
166	90	398	973	4	
168	93	408	975	4	
167	90	404	977	4	
167	88	419	959	4	
161	78	409	972	4	
165	77	407	962	4	
164	79	400	942	4	
163	75	414	953	4	
162	73	411	957	4	
164	76	415	962	4	
161	81	429	942	4	
156	79	430	968	4	
148	80	411	960	4	
158	81	418	964	4	
148	80	427	954	4	
147	80	424	940	4	
148	83	415	948	4	
151	86	418	951	4	
149	80	425	961	4	
152	77	412	969	4	
160	74	412	985	4	
156	73	394	985	4	
159	73	399	975	4	
150	81	398	973	4	
153	75	405	983	4	
155	75	395	964	4	
156	77	388	954	4	
159	77	393	939	4	
168	77	380	939	4	
170	76	393	933	4	
152	72	393	935	4	
148	79	391	940	4	
144	81	401	934	4	
145	78	407	923	4	
143	82	418	892	4	
146	81	424	915	4	
141	80	427	919	4	
138	79	430	917	4	
135	75	419	934	4	
137	73	415	924	4	
137	74	412	912	4	
134	75	402	935	4	
135	74	410	941	4	
142	78	406	942	4	
143	78	408	963	4	
141	79	411	954	4	
137	80	411	956	4	
138	83	415	954	4	
138	86	434	935	4	
134	87	433	909	4	
135	83	437	936	4	
139	77	443	944	4	
142	79	429	958	4	
143	79	424	946	4	
143	74	427	954	4	
133	75	420	948	4	
140	70	415	958	4	
136	64	427	945	4	
139	64	433	946	4	
140	65	437	948	4	
132	59	429	960	4	
127	64	437	939	4	
124	62	437	958	4	
117	63	450	949	4	
120	63	451	951	4	
134	61	454	926	4	
127	63	462	929	4	
126	61	472	946	4	
129	60	479	941	4	
119	66	471	965	4	
120	68	466	980	4	
113	73	472	978	4	
119	75	489	968	4	
115	71	490	983	4	
118	70	493	959	4	
116	72	486	936	4	
115	74	477	925	4	
112	74	480	918	4	
111	70	462	929	4	
111	69	461	927	4	
109	74	473	941	4	
113	73	474	953	4	
119	66	466	952	4	
116	68	478	957	4	
122	67	477	973	4	
122	73	480	966	4	
122	78	476	954	4	
121	71	483	931	4	
122	72	503	923	4	
118	67	506	931	4	
122	63	511	923	4	
125	64	519	933	4	
121	61	512	913	4	
114	62	499	928	4	
119	61	502	928	4	
124	60	503	948	4	
132	59	516	955	4	
134	66	518	941	4	
144	64	517	942	4	
148	64	492	941	4	
147	60	478	944	4	
141	62	482	934	4	
133	63	477	939	4	
127	60	488	942	4	
123	59	507	942	4	
128	60	497	926	4	
130	56	497	925	4	
128	60	496	938	4	
125	58	490	926	4	
127	64	491	949	4	
118	59	498	944	4	
126	59	505	940	4	
123	59	494	951	4	
120	58	491	944	4	
117	56	496	959	4	
123	54	498	956	4	
128	56	487	946	4	
124	59	489	943	4	
122	63	497	950	4	
117	61	507	946	4	
118	60	498	921	4	
120	61	485	925	4	
109	56	488	926	4	
105	56	486	903	4	
115	54	477	926	4	
114	49	466	938	4	
114	47	470	954	4	
118	45	469	958	4	
121	46	465	953	4	
129	51	466	971	4	
132	54	481	974	4	
134	58	455	974	4	
135	57	467	978	4	
133	55	457	978	4	
130	49	459	1018	4	
118	50	466	1051	4	
116	54	459	1047	4	
114	56	467	1036	4	
112	60	460	1030	4	
107	64	454	1009	4	
105	61	454	1000	4	
97	64	466	990	4	
93	66	463	1008	4	
100	63	453	1027	4	
101	62	462	1046	4	
103	59	474	1021	4	
100	61	473	1011	4	
97	61	481	1043	4	
99	61	495	1027	4	
95	57	481	1035	4	
93	54	488	1036	4	
96	57	488	1028	4	
98	56	491	1024	4	
99	57	504	1008	4	
98	58	511	1022	4	
91	56	509	1014	4	
93	51	499	1033	4	
92	54	496	1035	4	
94	55	490	1043	4	
97	55	506	1060	4	
103	55	501	1069	4	
107	56	505	1042	4	
106	59	523	1040	4	
102	50	512	1032	4	
94	50	510	1021	4	
95	46	494	1004	4	
94	43	484	996	4	
96	40	482	1024	4	
95	41	472	1026	4	
88	43	469	1025	4	
90	42	473	1031	4	
96	41	477	1038	4	
92	38	472	1024	4	
91	33	474	1013	4	
91	34	478	1020	4	
81	38	482	1013	4	
85	39	482	1017	4	
83	41	453	1032	4	
81	43	454	1030	4	
84	45	457	1019	4	
77	44	449	1035	4	
72	42	460	1056	4	
72	47	461	1046	4	
72	51	482	1052	4	
73	48	493	1054	4	
70	54	510	1053	4	
68	58	500	1041	4	
73	59	477	1067	4	
78	60	482	1048	4	
84	57	486	1025	4	
83	55	471	1039	4	
87	55	460	1036	4	
93	56	454	1026	4	
87	55	458	1032	4	
86	53	462	1030	4	
83	55	459	1054	4	
82	59	450	1079	4	
86	56	454	1066	4	
90	56	447	1071	4	
91	62	431	1073	4	
82	61	439	1053	4	
79	65	423	1071	4	
81	65	413	1068	4	
76	66	416	1065	4	
74	64	417	1055	4	
77	63	420	1050	4	
77	62	423	1070	4	
80	63	434	1043	4	
85	66	444	1060	4	
80	73	448	1059	4	
84	74	433	1064	4	
83	73	431	1071	4	
82	71	425	1062	4	
85	73	445	1057	4	
86	73	442	1054	4	
88	75	442	1024	4	
90	77	440	1038	4	
89	70	442	1043	4	
97	73	458	1039	4	
99	73	481	1011	4	
94	73	475	1008	4	
99	77	466	1037	4	
96	78	466	1051	4	
98	74	464	1037	4	
95	72	468	1033	4	
100	72	459	1035	4	
101	69	468	1038	4	
105	67	471	1059	4	
100	67	462	1055	4	
94	60	456	1065	4	
103	61	452	1078	4	
103	64	463	1070	4	
95	64	462	1077	4	
94	63	454	1070	4	
98	59	472	1069	4	
93	61	472	1057	4	
94	63	468	1030	4	
99	63	472	1032	4	
103	64	477	1027	4	
110	63	463	1043	4	
107	57	477	1034	4	
110	55	466	1039	4	
110	57	473	1042	4	
113	57	476	1038	4	
113	54	483	1020	4	
116	60	481	1013	4	
120	56	483	1018	4	
120	58	487	1024	4	
121	58	472	1030	4	
116	62	476	1035	4	
114	62	475	1026	4	
110	61	457	1029	4	
114	62	445	1008	4	
113	63	457	979	4	
109	66	454	977	4	
108	74	463	976	4	
109	74	459	988	4	
105	75	446	998	4	
112	72	443	1010	4	
103	72	452	980	4	
109	72	446	995	4	
107	74	439	1017	4	
106	80	440	1022	4	
109	82	431	1015	4	
99	78	444	1004	4	
101	82	435	1011	4	
92	78	445	1030	4	
89	81	452	1029	4	
93	76	442	1041	4	
95	79	436	1058	4	
101	79	444	1057	4	
103	82	448	1040	4	
103	85	439	1035	4	
107	85	437	1022	4	
105	86	446	1040	4	
105	88	435	1023	4	
103	93	439	1032	4	
99	88	430	1012	4	
108	87	418	1024	4	
111	88	401	1028	4	
111	84	395	1027	4	
112	80	409	1037	4	
114	84	403	1047	4	
117	84	413	1029	4	
112	79	433	1023	4	
117	80	446	1024	4	
130	87	448	1030	4	
121	88	453	1021	4	
125	90	452	982	4	
125	84	455	975	4	
126	80	448	975	4	
121	83	440	972	4	
122	89	456	962	4	
110	90	446	960	4	
113	87	445	947	4	
109	89	442	938	4	
107	83	453	924	4	
93	91	451	929	4	
91	93	445	960	4	
84	93	445	969	4	
80	96	442	963	4	
79	101	455	997	4	
78	105	453	969	4	
82	101	440	956	4	
81	106	433	950	4	
81	104	448	963	4	
83	100	460	980	4	
81	98	457	960	4	
81	96	464	977	4	
77	99	473	977	4	
75	96	461	962	4	
78	100	466	959	4	
79	98	460	967	4	
89	100	468	961	4	
89	96	477	966	4	
84	96	485	979	4	
82	99	485	965	4	
82	99	475	981	4	
89	104	467	953	4	
92	102	479	919	4	
95	103	471	949	4	
88	103	450	935	4	
94	97	452	922	4	
85	97	454	917	4	
95	97	463	919	4	
77	97	461	936	4	
78	95	455	938	4	
74	96	465	922	4	
69	90	482	915	4	
69	92	500	939	4	
70	95	495	925	4	
68	97	499	922	4	
66	92	508	923	4	
60	90	520	942	4	
57	88	519	928	4	
60	85	509	931	4	
58	94	512	949	4	
55	96	521	946	4	
53	97	528	934	4	
50	92	516	932	4	
51	87	513	935	4	
50	92	525	940	4	
46	96	531	946	4	
47	96	507	937	4	
45	92	502	955	4	
48	87	492	950	4	
48	82	480	972	4	
51	83	492	980	4	
52	82	508	972	4	
54	88	506	990	4	
57	83	496	983	4	
58	85	496	996	4	
59	94	498	1008	4	
60	100	489	987	4	
62	94	477	1001	4	
61	96	469	1001	4	
57	92	454	1011	4	
58	86	462	1009	4	
55	83	451	1006	4	
58	86	461	1026	4	
64	90	474	1025	4	
67	82	458	1028	4	
69	80	460	1042	4	
69	82	448	1042	4	
66	79	451	1036	4	
66	77	443	1038	4	
65	76	441	1037	4	
64	74	451	1018	4	
63	73	453	1007	4	
68	70	437	1016	4	
65	66	450	1023	4	
67	59	446	1031	4	
69	63	445	1032	4	
69	64	439	1026	4	
70	65	448	1026	4	
65	71	446	1011	4	
70	70	443	1032	4	
68	62	442	1043	4	
68	68	448	1039	4	
64	66	456	1020	4	
63	72	460	1039	4	
64	73	456	1051	4	
64	70	459	1042	4	
63	74	454	1044	4	
59	75	450	1031	4	
65	72	453	1039	4	
59	70	456	1021	4	
58	72	451	1041	4	
56	75	431	1046	4	
58	75	431	1060	4	
60	75	423	1049	4	
57	78	415	1044	4	
60	78	419	1048	4	
62	83	416	1033	4	
71	80	421	1036	4	
70	79	420	1032	4	
62	80	431	1049	4	
65	80	416	1020	4	
69	83	429	991	4	
73	83	429	993	4	
74	84	434	969	4	
77	75	434	962	4	
79	70	401	949	4	
78	69	394	955	4	
77	65	412	966	4	
74	59	415	988	4	
71	63	427	985	4	
77	65	424	975	4	
79	67	435	965	4	
79	67	438	955	4	
75	70	446	954	4	
74	70	445	936	4	
65	74	458	945	4	
70	83	460	953	4	
65	90	470	957	4	
72	95	476	976	4	
69	87	454	979	4	
64	85	466	958	4	
69	86	466	976	4	
67	88	484	960	4	
72	91	496	983	4	
67	88	487	982	4	
61	95	492	958	4	
65	92	480	956	4	
57	100	485	947	4	
58	102	484	937	4	
58	99	484	941	4	
53	92	480	938	4	
51	92	496	955	4	
52	95	497	963	4	
54	92	474	982	4	
61	88	495	971	4	
61	91	503	964	4	
60	97	491	949	4	
63	100	488	948	4	
64	103	490	956	4	
69	99	490	939	4	
68	98	484	929	4	
70	98	485	917	4	
73	95	479	941	4	
71	89	483	939	4	
68	87	492	943	4	
68	84	506	942	4	
63	83	500	942	4	
63	81	491	938	4	
63	79	488	952	4	
64	77	486	992	4	
70	73	465	998	4	
69	72	452	994	4	
72	74	452	981	4	
71	76	460	983	4	
69	78	456	996	4	
74	75	437	997	4	
78	73	445	1002	4	
70	76	455	1015	4	
73	76	459	1045	4	
65	76	466	1049	4	
58	78	465	1030	4	
62	84	467	1044	4	
61	85	460	1039	4	
60	82	453	1032	4	
62	84	454	1044	4	
58	87	453	1034	4	
53	86	441	1034	4	
56	90	431	1050	4	
55	95	436	1073	4	
50	99	433	1070	4	
51	95	439	1052	4	
50	95	446	1051	4	
47	95	453	1063	4	
45	89	443	1064	4	
42	86	447	1058	4	
46	90	454	1058	4	
47	87	449	1061	4	
48	89	441	1084	4	
50	93	446	1087	4	
47	89	450	1074	4	
48	91	458	1060	4	
51	92	454	1051	4	
56	87	451	1034	4	
55	86	457	1051	4	
51	86	459	1063	4	
51	85	466	1052	4	
46	85	457	1051	4	
41	94	445	1028	4	
39	98	435	1038	4	
41	95	452	1032	4	
47	101	461	1027	4	
45	96	457	1036	4	
46	99	435	1044	4	
44	100	450	1031	4	
42	102	447	1050	4	
41	101	424	1060	4	
39	94	420	1051	4	
40	91	425	1045	4	
42	97	424	1038	4	
38	91	425	1042	4	
38	92	437	1040	4	
40	82	441	1054	4	
46	86	447	1042	4	
44	84	456	1032	4	
44	84	471	1019	4	
41	90	479	1015	4	
41	83	490	1023	4	
47	84	480	1040	4	
43	83	464	1035	4	
42	85	469	1030	4	
42	86	461	1033	4	
40	90	463	1034	4	
43	94	458	1029	4	
40	100	469	1029	4	
42	101	455	1025	4	
45	105	466	1006	4	
44	106	453	1013	4	
41	104	442	1011	4	
44	103	449	1037	4	
48	99	455	1032	4	
49	97	460	1020	4	
52	96	455	1029	4	
49	90	467	1032	4	
48	83	453	1035	4	
53	84	462	1023	4	
49	85	469	1026	4	
52	81	476	1038	4	
53	80	470	1025	4	
49	78	473	993	4	
47	80	469	1007	4	
45	81	464	1016	4	
41	83	456	1025	4	
38	82	466	1006	4	
36	77	457	999	4	
38	81	465	1011	4	
39	83	461	1041	4	
37	78	460	1055	4	
36	80	461	1040	4	
39	73	464	1043	4	
39	81	460	1051	4	
38	80	455	1025	4	
38	84	467	1021	4	
38	79	468	1020	4	
40	74	470	1034	4	
33	73	475	1044	4	
33	71	476	1031	4	
30	73	469	1049	4	
31	72	465	1059	4	
28	81	457	1070	4	
31	80	452	1060	4	
30	85	460	1077	4	
31	78	462	1058	4	
33	77	477	1060	4	
32	78	487	1064	4	
33	77	473	1044	4	
37	77	485	1061	4	
36	77	478	1058	4	
36	70	481	1068	4	
34	73	486	1071	4	
34	76	474	1099	4	
35	78	474	1071	4	
37	72	482	1082	4	
39	64	479	1066	4	
46	68	478	1058	4	
49	70	474	1070	4	
49	69	486	1072	4	
51	64	488	1088	4	
51	58	489	1076	4	
48	58	499	1066	4	
49	58	499	1065	4	
54	60	489	1097	4	
50	64	477	1101	4	
50	60	494	1097	4	
52	55	486	1087	4	
53	57	485	1088	4	
47	57	474	1086	4	
46	63	479	1100	4	
47	59	487	1101	4	
48	57	500	1096	4	
48	56	496	1104	4	
47	56	499	1111	4	
48	56	529	1118	4	
52	54	518	1082	4	
50	55	522	1087	4	
50	51	518	1065	4	
60	49	515	1069	4	
54	49	504	1084	4	
54	49	497	1100	4	
52	44	494	1111	4	
52	48	490	1118	4	
50	53	485	1115	4	
51	53	493	1095	4	
52	52	512	1076	4	
50	52	517	1099	4	
54	51	520	1113	4	
51	50	504	1114	4	
52	49	506	1131	4	
55	48	492	1122	4	
53	49	485	1122	4	
57	50	478	1145	4	
54	51	467	1150	4	
53	55	465	1140	4	
58	54	465	1147	4	
58	60	468	1134	4	
61	64	461	1139	4	
55	63	461	1146	4	
58	67	467	1134	4	
59	63	469	1130	4	
58	65	474	1155	4	
59	64	473	1126	4	
55	65	467	1125	4	
52	64	450	1112	4	
49	64	446	1110	4	
46	57	446	1122	4	
45	56	444	1146	4	
48	56	436	1112	4	
43	59	423	1075	4	
47	65	406	1093	4	
49	66	420	1093	4	
55	66	416	1083	4	
49	66	401	1105	4	
52	66	398	1112	4	
46	64	395	1119	4	
48	64	384	1111	4	
46	70	391	1094	4	
46	69	387	1107	4	
47	66	386	1088	4	
49	64	393	1084	4	
48	66	398	1081	4	
50	58	398	1081	4	
50	59	389	1095	4	
52	64	391	1119	4	
53	61	388	1110	4	
54	64	399	1119	4	
58	60	396	1120	4	
53	56	391	1110	4	
51	59	388	1085	4	
52	62	391	1076	4	
49	62	397	1089	4	
48	63	394	1092	4	
49	66	389	1113	4	
55	66	390	1083	4	
56	65	392	1050	4	
55	59	407	1049	4	
51	56	409	1035	4	
50	51	396	1032	4	
49	55	404	1021	4	
46	52	405	1022	4	
45	48	391	1038	4	
49	46	399	1032	4	
