0	2	0	0	0	
0	3	0	0	0	
1	3	0	0	0	
1	3	0	0	0	
3	3	0	0	0	
3	5	0	0	0	
3	5	1	0	0	
5	4	1	0	0	
5	5	0	0	0	
7	5	0	0	0	
6	7	0	0	0	
6	7	1	0	0	
6	7	1	1	0	
5	8	2	1	0	
5	6	3	2	0	
7	6	5	2	0	
8	5	7	1	0	
9	4	7	1	0	
8	4	11	1	0	
9	4	12	1	0	
6	5	14	1	0	
5	5	20	1	3	
6	6	22	0	3	
7	7	18	0	0	
6	11	20	0	0	
8	11	20	0	0	
10	10	22	0	0	
12	10	24	0	0	
11	7	19	2	0	
13	8	17	2	0	
13	7	14	2	0	
13	7	12	3	0	
13	9	12	2	0	
12	11	11	2	0	
11	13	11	2	0	
10	14	11	3	0	
11	16	14	3	0	
11	17	16	4	0	
9	18	18	5	0	
11	16	18	3	0	
12	20	19	4	0	
11	22	19	3	0	
12	23	20	3	0	
10	19	23	3	0	
11	20	20	3	0	
8	23	18	3	0	
7	22	20	3	0	
8	24	25	3	0	
11	25	25	4	0	
10	24	18	5	0	
13	24	15	4	0	
12	25	19	4	0	
12	21	20	6	0	
10	18	17	6	0	
9	17	16	7	0	
9	18	14	8	0	
8	17	14	8	0	
12	13	15	6	0	
14	15	16	7	0	
13	14	14	7	0	
16	12	12	6	0	
18	12	11	7	0	
16	12	11	9	0	
16	14	11	9	0	
17	16	11	6	0	
15	18	11	6	0	
17	19	12	6	0	
19	20	13	6	0	
20	18	15	8	0	
19	17	14	7	0	
20	18	15	8	0	
21	20	16	8	0	
22	17	18	9	0	
22	20	18	11	0	
23	19	17	11	0	
22	16	19	11	0	
22	14	17	10	0	
19	17	18	9	0	
18	16	19	7	0	
20	15	17	6	0	
20	13	17	4	0	
17	11	18	4	0	
19	13	17	6	0	
18	15	17	7	0	
17	13	16	8	0	
18	11	16	8	0	
19	12	14	5	0	
22	11	15	5	0	
27	10	17	5	0	
32	10	22	5	0	
32	11	20	4	0	
34	10	21	4	0	
32	11	22	5	0	
30	11	24	6	0	
30	10	26	6	0	
29	8	23	5	0	
26	6	24	5	0	
26	8	22	5	0	
31	9	23	5	0	
33	9	24	6	0	
37	11	25	5	0	
35	11	26	5	0	
37	11	25	5	0	
39	11	26	5	0	
36	10	24	5	0	
37	11	22	5	0	
38	9	21	7	0	
36	9	22	7	0	
34	10	23	6	0	
33	9	23	6	0	
30	9	25	6	0	
28	10	24	7	0	
27	9	21	6	0	
28	8	18	8	0	
29	11	20	9	0	
26	12	20	11	0	
28	12	21	10	0	
25	13	22	11	0	
23	14	22	13	0	
22	15	23	12	0	
22	15	24	11	0	
18	13	18	12	0	
19	14	19	8	0	
16	12	20	7	0	
16	10	17	8	0	
17	13	17	6	0	
15	15	17	5	0	
15	18	15	5	0	
17	19	17	5	0	
17	16	17	4	0	
16	19	18	4	0	
17	21	20	4	0	
16	21	20	4	0	
17	23	18	4	0	
17	24	18	3	0	
15	26	18	3	0	
16	26	20	3	0	
17	26	20	2	0	
18	24	17	2	0	
18	24	14	1	0	
17	21	14	2	0	
18	23	13	2	0	
19	26	12	2	0	
17	27	13	3	0	
16	28	15	2	0	
15	27	15	3	0	
15	31	14	3	0	
16	31	13	3	0	
16	33	15	3	0	
15	29	19	3	0	
16	30	20	3	0	
15	30	22	3	0	
16	32	18	3	0	
14	34	19	3	0	
14	36	15	4	2	
14	35	17	4	0	
14	35	18	5	0	
12	32	16	6	0	
12	31	16	6	0	
9	30	14	6	0	
10	30	14	8	0	
9	32	16	7	0	
9	30	18	7	0	
7	31	17	7	0	
9	29	15	5	0	
11	32	14	4	2	
13	34	15	5	2	
13	37	12	8	2	
14	34	10	12	2	
14	33	11	12	2	
15	34	10	13	2	
14	30	11	11	0	
14	31	11	13	0	
15	35	12	13	2	
14	35	11	14	2	
11	32	14	14	2	
12	32	14	15	0	
15	30	14	15	0	
14	28	15	16	0	
16	26	16	16	0	
17	27	18	15	0	
19	26	16	17	0	
18	23	15	18	0	
17	24	18	21	0	
16	24	20	18	0	
17	22	20	19	0	
15	22	22	19	0	
17	21	21	20	0	
15	14	22	21	0	
13	15	25	20	0	
13	15	27	21	0	
11	13	27	21	0	
11	12	29	19	0	
11	9	34	18	0	
11	10	31	16	0	
11	11	29	19	0	
12	10	29	18	0	
13	10	28	16	0	
12	10	26	16	0	
12	8	24	18	0	
13	11	28	17	0	
12	9	29	16	0	
10	12	25	17	0	
10	12	25	17	0	
10	11	24	19	0	
8	10	26	19	0	
9	8	23	18	0	
7	10	23	17	0	
7	11	23	19	0	
7	11	19	19	0	
7	11	18	20	0	
8	8	21	19	0	
10	10	19	23	0	
9	9	22	24	0	
9	8	25	22	0	
9	10	24	23	0	
9	9	25	27	0	
7	10	25	28	0	
6	11	24	27	0	
7	11	21	25	0	
5	10	20	22	0	
5	11	22	25	0	
6	9	23	31	0	
7	8	20	27	0	
8	9	20	24	0	
6	8	18	22	0	
4	8	22	20	0	
4	7	23	20	0	
5	7	25	21	0	
5	6	23	24	0	
6	5	27	22	0	
5	7	27	19	0	
6	6	29	20	0	
6	6	30	21	0	
5	7	31	22	0	
5	7	33	23	0	
9	6	34	27	0	
8	7	35	26	0	
7	7	33	25	0	
6	5	33	26	0	
7	8	34	27	0	
9	8	33	28	0	
9	9	36	27	0	
10	9	38	24	0	
8	9	38	23	0	
9	8	39	22	0	
10	7	37	20	0	
10	7	31	20	0	
12	7	33	21	0	
11	8	31	22	0	
11	7	31	22	0	
12	8	34	21	0	
13	8	33	21	0	
14	8	36	18	0	
14	7	34	20	0	
13	6	35	18	0	
15	7	38	17	3	
15	8	40	19	3	
15	6	41	20	3	
13	7	41	18	3	
13	6	38	17	3	
11	7	37	16	3	
11	6	38	16	3	
11	5	37	17	3	
10	5	36	14	3	
9	6	39	11	3	
9	7	39	12	3	
9	6	42	13	3	
8	9	42	13	3	
9	10	41	14	3	
10	13	37	14	3	
9	12	35	15	3	
11	13	41	13	3	
10	15	42	14	3	
10	15	42	14	3	
11	15	41	13	3	
12	12	40	15	3	
13	11	38	15	3	
12	10	36	13	3	
14	11	33	12	3	
14	11	33	15	3	
11	13	35	16	3	
11	13	33	17	0	
10	13	33	18	0	
11	12	34	17	0	
10	13	35	19	0	
10	14	30	19	0	
9	14	31	17	0	
9	13	32	18	0	
10	14	28	17	0	
13	13	31	19	0	
13	14	29	19	0	
15	14	28	19	0	
14	14	30	19	0	
17	11	29	20	0	
14	11	30	22	0	
15	12	31	21	0	
13	11	28	21	0	
14	11	34	20	0	
14	12	31	22	0	
13	12	31	19	0	
14	13	33	21	0	
13	12	28	22	0	
15	11	28	20	0	
15	10	26	19	0	
14	9	25	20	0	
15	10	27	16	0	
15	10	28	18	0	
16	10	27	19	0	
17	9	24	16	0	
19	10	22	17	0	
18	10	22	17	0	
20	8	23	17	0	
19	8	25	15	0	
17	8	21	15	0	
18	10	20	16	0	
17	10	22	17	0	
17	7	23	20	0	
16	7	20	21	0	
16	9	22	18	0	
16	10	21	20	0	
15	9	22	18	0	
16	10	24	17	0	
17	11	22	18	0	
16	12	20	18	0	
16	12	22	19	0	
15	12	20	18	0	
15	13	24	16	0	
14	13	24	20	0	
13	15	23	21	0	
14	17	27	19	0	
17	14	26	20	0	
20	13	22	17	0	
21	14	22	13	0	
22	14	26	13	0	
20	12	24	14	0	
20	13	25	15	0	
21	12	26	16	0	
24	12	26	17	0	
25	15	26	18	0	
23	14	23	18	0	
23	16	22	18	0	
22	16	21	16	0	
25	15	20	14	0	
27	17	20	14	0	
26	18	19	13	0	
22	17	21	15	0	
21	16	20	17	0	
24	16	20	21	0	
23	13	23	20	0	
24	13	21	18	0	
23	14	18	17	0	
17	13	19	16	0	
20	14	19	16	0	
23	15	15	16	0	
20	13	20	16	0	
21	14	21	16	0	
21	14	20	17	0	
18	11	21	18	0	
18	12	21	17	0	
18	16	19	13	0	
16	18	22	12	0	
16	19	24	12	0	
14	20	24	8	0	
13	19	25	7	0	
13	19	25	6	0	
11	20	28	7	0	
12	20	31	7	0	
13	17	34	7	0	
14	16	34	7	0	
15	13	35	7	3	
12	14	31	6	0	
11	14	29	5	0	
11	14	32	5	3	
13	13	29	5	0	
11	14	29	7	0	
9	17	28	7	0	
11	16	30	8	0	
10	17	30	10	0	
10	16	31	12	0	
11	15	32	12	0	
12	16	36	11	3	
14	16	38	9	3	
13	14	39	11	3	
14	14	40	10	3	
12	15	37	10	3	
14	16	39	8	3	
13	15	39	9	3	
15	17	39	10	3	
14	19	41	8	3	
15	16	40	8	3	
16	11	47	7	3	
18	12	50	7	3	
18	14	48	6	3	
18	16	50	6	3	
16	16	48	6	3	
15	15	46	5	3	
16	14	48	4	3	
15	16	44	4	3	
17	16	46	4	3	
18	14	43	3	3	
18	12	40	4	3	
19	12	37	4	0	
19	13	38	4	0	
19	13	35	5	0	
18	13	34	6	0	
19	13	27	5	0	
18	13	28	5	0	
18	17	27	5	0	
20	17	31	4	0	
21	17	35	4	0	
20	17	36	6	0	
19	16	36	7	0	
19	12	35	8	0	
20	13	33	8	0	
19	13	35	7	0	
19	16	36	7	0	
18	17	39	5	3	
20	20	35	4	0	
17	21	37	4	0	
18	18	32	5	0	
18	16	30	5	0	
17	18	25	5	0	
15	19	31	5	0	
16	20	29	2	0	
18	18	31	3	0	
16	18	32	3	0	
17	20	30	3	0	
16	19	33	3	0	
16	16	34	1	0	
21	16	36	1	0	
21	19	40	1	0	
21	20	45	1	3	
21	22	43	1	3	
20	21	44	2	3	
20	21	38	2	0	
18	16	33	2	0	
16	17	31	3	0	
19	15	35	3	0	
19	17	31	3	0	
20	20	25	4	0	
22	24	25	3	0	
19	20	26	3	0	
21	18	25	4	0	
18	17	24	5	0	
21	20	26	7	0	
19	21	26	6	0	
17	21	27	7	0	
16	19	27	8	0	
17	17	25	7	0	
20	17	24	7	0	
21	18	24	7	0	
21	18	26	7	0	
21	16	27	7	0	
19	17	29	6	0	
19	18	28	5	0	
17	16	26	5	0	
13	18	22	7	0	
10	19	22	7	0	
10	17	23	6	0	
10	20	18	8	0	
12	20	18	7	0	
13	20	21	5	0	
17	24	23	3	0	
17	22	27	2	0	
17	22	27	2	0	
16	22	27	3	0	
19	22	31	4	0	
16	20	31	5	0	
16	21	33	6	0	
17	21	33	6	0	
15	21	29	6	0	
17	21	25	5	0	
20	17	27	4	0	
21	18	27	4	0	
17	16	25	5	0	
18	18	22	6	0	
21	17	24	6	0	
21	17	22	6	0	
26	17	26	5	0	
25	19	23	4	0	
23	23	23	5	0	
21	21	21	5	0	
23	20	20	5	0	
25	17	20	4	0	
21	17	23	3	0	
22	16	23	3	0	
22	19	21	2	0	
22	19	23	2	0	
23	16	22	3	0	
19	18	23	2	0	
21	16	27	3	0	
20	15	26	3	0	
22	16	26	2	0	
23	15	23	2	0	
22	14	21	4	0	
21	13	19	6	0	
19	14	19	6	0	
21	13	20	5	0	
21	15	20	6	0	
21	18	23	6	0	
20	18	23	7	0	
22	19	24	7	0	
24	20	21	8	0	
21	19	20	9	0	
23	19	23	11	0	
21	17	23	8	0	
20	19	21	8	0	
21	18	20	5	0	
21	16	21	6	0	
22	17	24	6	0	
25	18	25	7	0	
27	18	26	8	0	
27	16	24	9	0	
26	17	20	7	0	
24	13	22	7	0	
29	16	20	7	0	
27	15	22	8	0	
27	12	27	8	0	
25	12	27	8	0	
26	14	29	8	0	
26	12	29	8	0	
26	13	27	8	0	
26	15	26	8	0	
23	12	25	6	0	
21	14	24	5	0	
18	18	23	6	0	
15	18	24	5	0	
15	19	24	4	0	
19	22	23	4	0	
20	22	21	5	0	
18	20	18	6	0	
18	15	19	7	0	
19	13	20	5	0	
19	11	25	4	0	
24	11	26	4	0	
24	12	28	4	0	
23	15	32	3	0	
21	15	30	5	0	
19	15	30	4	0	
19	14	32	4	0	
19	12	33	5	0	
19	12	34	6	0	
20	11	36	6	0	
20	13	37	6	0	
18	13	39	7	3	
18	13	37	7	0	
21	12	36	7	0	
22	13	38	6	0	
22	15	39	5	0	
21	14	36	4	0	
20	13	37	4	0	
19	10	42	4	3	
22	10	43	5	3	
22	11	40	6	0	
20	11	43	3	3	
21	12	44	3	3	
20	12	42	3	3	
19	12	44	3	3	
21	10	43	3	3	
23	11	41	3	0	
25	10	38	4	0	
26	11	38	3	0	
27	11	38	3	0	
25	8	36	4	0	
24	8	37	4	0	
23	8	37	5	0	
23	7	39	6	0	
23	8	42	7	0	
22	11	40	7	0	
25	9	35	4	0	
28	9	31	4	0	
26	10	31	3	0	
28	10	31	4	0	
27	12	34	2	0	
27	12	35	3	0	
22	13	34	3	0	
25	13	34	2	0	
24	13	36	2	0	
24	12	34	1	0	
25	13	32	1	0	
25	14	32	1	0	
22	16	31	1	0	
18	18	28	1	0	
19	18	29	1	0	
20	19	27	1	0	
20	18	23	1	0	
27	19	21	2	0	
25	16	21	2	0	
22	15	26	2	0	
23	13	25	2	0	
25	13	26	2	0	
34	12	28	2	0	
30	14	27	3	0	
26	15	26	4	0	
25	16	24	4	0	
23	14	25	3	0	
24	16	23	4	0	
26	16	23	4	0	
27	16	26	5	0	
24	14	26	6	0	
23	13	23	7	0	
24	14	22	8	0	
25	14	23	7	0	
24	14	20	9	0	
27	16	21	7	0	
28	12	20	7	0	
32	14	19	6	0	
33	15	17	6	0	
32	15	18	4	0	
30	15	20	5	0	
29	14	21	5	0	
33	14	21	5	0	
30	13	20	4	0	
30	12	20	4	0	
30	14	21	3	0	
33	16	21	3	0	
34	18	22	2	0	
32	17	20	4	0	
34	16	23	4	0	
33	16	24	5	0	
31	16	24	5	0	
33	15	24	5	0	
33	14	22	6	0	
34	12	22	8	0	
35	13	21	7	0	
30	8	21	8	0	
32	6	22	9	0	
31	6	23	9	0	
29	9	22	7	0	
31	10	23	6	0	
28	11	23	8	0	
28	10	24	9	0	
29	12	29	10	0	
28	13	26	8	0	
29	13	23	9	0	
28	13	27	9	0	
31	16	24	12	0	
28	16	22	14	0	
29	17	20	14	0	
29	14	21	16	0	
26	12	19	17	0	
26	11	18	19	0	
27	12	19	19	0	
29	15	21	18	0	
26	14	23	19	0	
29	14	26	17	0	
28	12	26	17	0	
25	12	28	17	0	
26	10	27	18	0	
22	10	24	15	0	
23	9	24	15	0	
26	8	24	19	0	
23	7	24	15	0	
23	7	24	14	0	
20	8	20	15	0	
20	7	20	16	0	
22	7	22	16	0	
23	6	17	14	0	
21	7	16	17	0	
24	6	18	17	0	
24	5	19	18	0	
22	6	22	19	0	
23	8	23	18	0	
22	9	24	16	0	
19	7	24	15	0	
18	9	26	16	0	
20	9	23	16	0	
19	8	27	19	0	
19	8	28	19	0	
17	7	27	18	0	
20	6	21	14	0	
18	5	21	14	0	
19	6	23	13	0	
16	7	25	12	0	
17	8	26	13	0	
16	6	28	13	0	
15	7	27	13	0	
16	6	27	15	0	
14	5	28	16	0	
13	6	29	13	0	
11	6	31	10	3	
11	6	31	10	3	
11	6	30	10	3	
12	6	32	10	3	
13	6	32	11	3	
14	5	34	10	3	
16	4	38	9	3	
17	4	34	11	0	
18	4	31	12	0	
17	2	31	12	0	
15	2	30	13	0	
15	3	32	14	0	
11	2	27	14	0	
11	2	28	13	0	
13	2	25	12	0	
12	2	31	11	3	
12	3	34	11	3	
11	4	34	11	3	
12	5	36	10	3	
8	5	37	11	3	
9	5	33	11	3	
9	5	33	9	3	
7	5	33	7	3	
6	6	34	5	3	
7	8	37	5	3	
7	9	37	5	3	
8	8	34	6	3	
9	10	35	5	3	
10	11	35	4	3	
12	12	38	6	3	
11	9	39	7	3	
10	8	40	8	3	
10	10	32	8	3	
10	12	32	10	3	
11	12	35	9	3	
10	13	35	12	3	
11	12	32	11	3	
9	13	33	11	3	
10	13	29	10	0	
10	10	29	12	3	
8	9	30	11	3	
7	10	31	12	3	
7	10	31	15	0	
7	8	35	18	0	
9	7	34	12	3	
10	7	38	12	3	
10	6	41	12	3	
9	8	40	10	3	
9	11	40	10	3	
10	11	42	11	3	
8	11	44	10	3	
7	10	44	9	3	
7	10	43	10	3	
7	10	43	13	3	
7	9	40	13	3	
7	10	37	11	3	
6	10	37	12	3	
4	13	33	10	3	
4	13	35	11	3	
4	11	35	11	3	
5	12	35	11	3	
4	13	33	14	3	
7	12	34	13	3	
8	11	33	14	3	
11	12	33	15	3	
10	12	33	17	0	
11	12	30	19	0	
13	11	31	19	0	
13	11	31	19	0	
11	9	33	18	0	
11	7	35	19	0	
12	6	36	17	3	
12	4	37	15	3	
11	4	37	14	3	
10	5	38	15	3	
8	6	36	16	3	
9	7	32	16	0	
10	7	30	15	0	
10	7	30	15	0	
10	8	29	14	0	
12	8	29	15	0	
12	10	30	14	0	
11	9	33	14	3	
10	6	36	14	3	
8	6	36	13	3	
8	6	31	11	3	
6	5	32	11	3	
6	5	35	10	3	
7	5	39	10	3	
8	3	39	10	3	
9	3	40	11	3	
9	2	37	13	3	
8	1	32	13	3	
11	0	35	16	3	
13	0	31	16	0	
11	0	29	16	0	
9	1	29	16	0	
11	1	28	20	0	
8	1	26	19	0	
8	3	24	17	0	
10	4	28	18	0	
8	4	31	17	0	
8	3	30	14	0	
7	4	27	13	0	
8	4	25	14	0	
8	4	22	15	0	
8	4	24	18	0	
8	5	27	17	0	
6	5	27	17	0	
6	5	25	15	0	
7	5	26	17	0	
9	6	27	19	0	
10	5	31	17	0	
9	4	33	20	0	
8	5	37	18	0	
8	5	35	20	0	
9	4	32	21	0	
7	4	31	21	0	
6	3	29	22	0	
5	4	30	25	0	
4	4	37	22	0	
4	4	40	18	3	
4	4	43	17	3	
5	3	42	18	3	
5	4	41	16	3	
5	5	41	17	3	
6	6	43	19	3	
5	5	45	16	3	
5	6	42	15	3	
4	7	40	16	3	
6	5	42	17	3	
7	5	48	15	3	
5	4	43	15	3	
4	4	43	12	3	
3	4	46	13	3	
4	4	49	16	3	
4	5	46	15	3	
5	6	44	16	3	
3	7	48	17	3	
3	7	51	18	3	
3	8	49	16	3	
5	8	51	18	3	
5	7	52	17	3	
5	7	51	17	3	
5	7	53	17	3	
5	7	48	16	3	
6	9	46	17	3	
7	9	48	17	3	
7	9	45	18	3	
6	10	45	19	3	
6	9	45	19	3	
4	8	49	17	3	
2	8	45	17	3	
2	8	46	15	3	
2	8	41	14	3	
1	8	43	15	3	
2	6	44	15	3	
0	7	43	14	3	
1	8	39	12	3	
1	7	40	13	3	
1	9	38	12	3	
3	8	40	11	3	
4	8	45	12	3	
5	7	43	12	3	
4	7	40	10	3	
5	8	39	9	3	
3	8	40	8	3	
3	8	38	9	3	
3	8	37	8	3	
2	6	42	8	3	
2	8	42	7	3	
3	8	45	8	3	
3	7	42	9	3	
3	9	42	10	3	
4	9	47	9	3	
3	9	47	9	3	
5	11	45	9	3	
5	11	48	9	3	
5	11	50	7	3	
5	12	49	6	3	
4	12	50	6	3	
4	14	51	4	3	
4	13	51	4	3	
4	12	48	5	3	
5	14	46	4	3	
7	14	46	3	3	
7	13	43	3	3	
7	11	47	4	3	
7	12	48	3	3	
7	12	48	3	3	
7	12	43	3	3	
9	13	49	3	3	
9	13	46	3	3	
8	11	47	4	3	
9	10	43	3	3	
9	12	40	3	3	
8	12	42	3	3	
7	11	40	2	3	
5	10	41	3	3	
3	9	38	3	3	
3	7	41	3	3	
2	8	43	3	3	
1	6	45	4	3	
1	7	44	5	3	
1	5	43	5	3	
3	7	44	5	3	
3	8	40	7	3	
3	9	44	8	3	
4	7	44	7	3	
4	8	46	7	3	
4	10	48	7	3	
6	10	46	8	3	
8	9	44	7	3	
8	7	45	7	3	
10	7	44	7	3	
9	6	41	7	3	
14	6	40	7	3	
13	5	43	6	3	
14	4	40	8	3	
15	3	45	8	3	
14	2	47	8	3	
14	3	43	6	3	
9	4	44	6	3	
8	5	47	6	3	
10	5	43	6	3	
10	4	40	7	3	
9	4	44	7	3	
9	4	45	8	3	
9	6	47	10	3	
11	6	47	9	3	
13	7	45	10	3	
16	7	42	9	3	
15	6	44	7	3	
15	6	44	7	3	
17	4	41	7	3	
13	3	36	7	3	
12	4	33	7	3	
11	4	41	8	3	
13	4	44	9	3	
15	5	39	10	3	
16	6	40	10	3	
18	5	38	10	3	
19	5	39	9	3	
17	5	42	8	3	
19	5	44	11	3	
21	6	41	13	0	
22	6	41	12	0	
22	8	39	11	0	
23	8	36	11	0	
23	9	35	10	0	
22	9	34	11	0	
20	11	31	10	0	
19	10	35	8	0	
20	11	30	9	0	
21	11	27	8	0	
20	12	24	9	0	
23	15	24	11	0	
22	14	24	10	0	
22	13	22	11	0	
21	12	22	11	0	
23	16	24	12	0	
20	14	24	10	0	
24	11	25	9	0	
23	12	24	10	0	
24	11	24	8	0	
22	13	26	9	0	
23	11	26	11	0	
19	12	27	9	0	
20	11	26	8	0	
22	12	26	7	0	
20	13	23	8	0	
20	13	21	8	0	
19	14	22	7	0	
20	14	28	8	0	
15	14	29	7	0	
17	14	24	9	0	
16	13	25	9	0	
18	12	26	10	0	
16	12	27	10	0	
15	12	28	13	0	
15	10	32	11	0	
13	10	30	10	3	
13	10	29	11	0	
15	9	28	10	0	
17	13	26	8	0	
14	12	24	4	0	
15	13	25	5	0	
17	12	23	5	0	
18	12	23	6	0	
19	12	22	5	0	
21	12	24	6	0	
21	12	21	9	0	
20	12	21	10	0	
21	13	22	9	0	
20	14	23	9	0	
21	12	19	12	0	
20	14	21	12	0	
22	14	21	15	0	
22	12	23	14	0	
24	10	21	14	0	
25	7	19	13	0	
23	8	18	14	0	
22	8	20	13	0	
23	8	20	14	0	
23	9	22	15	0	
22	10	20	17	0	
23	12	19	16	0	
19	11	20	18	0	
21	13	20	18	0	
21	12	21	14	0	
24	16	20	15	0	
25	16	21	16	0	
26	19	19	17	0	
28	18	19	17	0	
28	18	19	16	0	
23	19	19	16	0	
20	19	17	17	0	
21	17	14	16	0	
21	15	14	18	0	
