0	1	0	0	0	
0	1	0	0	0	
0	0	0	1	0	
0	1	0	1	0	
0	1	1	1	0	
0	1	1	1	0	
0	1	2	2	0	
0	1	3	3	0	
1	1	3	3	0	
0	1	3	3	0	
0	2	3	3	0	
0	4	3	3	0	
0	4	3	4	0	
0	5	3	5	0	
0	6	4	6	0	
0	5	5	7	0	
0	4	3	5	0	
0	4	3	6	0	
0	4	7	8	0	
0	4	6	11	0	
1	3	7	12	0	
1	4	8	11	0	
1	3	8	12	0	
2	2	8	13	0	
1	2	7	17	0	
0	2	7	21	4	
0	5	7	21	4	
0	5	7	23	4	
1	5	6	20	4	
1	4	7	23	4	
1	3	7	27	4	
1	4	9	27	4	
1	5	8	25	4	
1	5	8	25	4	
1	5	9	26	4	
1	5	11	30	4	
2	5	9	29	4	
3	5	9	34	4	
3	4	7	33	4	
3	5	7	35	4	
3	5	9	38	4	
3	4	10	39	4	
4	3	9	39	4	
4	4	10	38	4	
4	4	10	38	4	
5	3	11	38	4	
5	4	10	39	4	
7	5	9	43	4	
7	6	9	40	4	
7	7	6	38	4	
10	7	4	37	4	
10	6	3	36	4	
8	7	2	40	4	
8	8	2	37	4	
7	9	3	38	4	
7	7	3	39	4	
6	7	3	38	4	
7	7	3	34	4	
5	7	4	35	4	
4	8	4	34	4	
5	9	4	34	4	
5	10	4	32	4	
3	11	4	30	4	
3	13	6	31	4	
5	13	7	30	4	
5	13	7	32	4	
5	13	8	31	4	
7	16	9	32	0	
6	14	7	36	4	
7	14	6	32	4	
7	12	7	34	4	
5	11	7	35	4	
6	10	5	36	4	
6	9	6	34	4	
6	11	5	32	4	
6	13	6	31	4	
7	14	4	31	0	
6	16	3	29	0	
8	17	4	29	0	
8	14	6	28	0	
8	15	6	31	0	
11	17	7	30	0	
13	15	9	28	0	
12	19	9	28	0	
13	22	8	28	0	
13	23	10	28	0	
17	27	8	25	0	
16	26	6	25	0	
18	29	7	25	0	
18	29	6	26	0	
17	29	6	30	0	
17	29	6	30	0	
17	29	6	29	0	
17	29	6	29	0	
16	28	6	31	0	
15	28	8	32	0	
14	30	6	30	0	
15	28	6	28	0	
16	25	5	25	0	
16	23	7	23	0	
17	21	6	21	0	
14	23	5	22	0	
14	24	6	20	0	
13	27	7	21	0	
14	26	8	20	0	
16	21	9	20	0	
15	20	9	18	0	
12	24	8	18	0	
14	26	7	19	0	
15	25	6	20	0	
16	29	7	21	0	
14	28	6	19	0	
14	29	7	19	0	
12	32	8	20	0	
13	33	7	21	0	
14	32	6	20	0	
15	31	7	22	0	
15	30	8	21	0	
12	32	8	20	0	
13	32	6	19	0	
12	34	6	21	0	
12	32	6	23	0	
15	32	4	21	0	
15	29	5	22	0	
17	29	5	20	0	
19	25	8	22	0	
18	22	7	21	0	
18	22	8	19	0	
18	23	6	19	0	
18	23	6	20	0	
15	22	7	24	0	
16	23	6	26	0	
16	23	6	25	0	
14	26	5	25	0	
14	26	5	27	0	
13	28	6	30	0	
14	28	6	27	0	
16	25	5	23	0	
17	26	4	24	0	
16	24	3	23	0	
15	23	3	21	0	
17	22	3	19	0	
15	19	3	22	0	
15	20	5	25	0	
12	19	5	25	0	
14	18	5	26	0	
15	21	4	31	0	
14	20	4	28	0	
16	23	4	31	0	
16	22	3	27	0	
16	25	4	24	0	
14	22	4	23	0	
16	21	4	24	0	
16	20	4	28	0	
12	22	4	26	0	
12	21	5	25	0	
12	18	5	28	0	
13	15	5	30	0	
13	17	7	29	0	
13	16	8	27	0	
10	18	6	35	0	
10	16	6	37	4	
11	15	8	37	4	
11	12	10	35	4	
11	12	9	36	4	
11	12	7	36	4	
12	14	6	35	4	
15	13	8	38	4	
15	15	8	40	4	
14	13	10	36	4	
14	17	10	36	4	
13	16	12	41	4	
13	14	13	38	4	
13	16	11	35	4	
13	18	11	34	0	
14	17	12	32	0	
13	15	12	33	4	
12	14	12	35	4	
14	13	10	31	0	
13	14	10	29	0	
12	14	12	29	0	
13	14	11	31	0	
14	15	11	29	0	
15	15	12	24	0	
17	12	11	25	0	
16	11	12	25	0	
11	14	9	26	0	
10	15	8	26	0	
10	15	7	26	0	
12	15	8	26	0	
13	16	6	26	0	
17	16	6	29	0	
18	17	6	29	0	
20	18	6	29	0	
18	16	6	28	0	
18	18	5	30	0	
18	17	4	28	0	
17	16	5	32	0	
17	17	5	32	0	
18	14	7	27	0	
17	12	7	28	0	
14	11	8	30	0	
15	11	7	34	4	
16	15	9	32	0	
17	13	9	32	0	
17	14	11	32	0	
17	12	13	33	0	
14	12	12	34	4	
15	13	11	40	4	
16	14	11	39	4	
18	11	12	38	4	
18	12	13	39	4	
16	11	14	37	4	
14	11	16	35	4	
13	12	17	33	0	
13	13	17	37	4	
12	12	18	38	4	
13	10	17	41	4	
12	12	16	45	4	
14	10	16	42	4	
14	10	15	45	4	
12	12	17	47	4	
11	13	16	40	4	
8	11	17	40	4	
8	11	17	40	4	
9	9	18	39	4	
7	9	19	35	0	
9	10	18	32	0	
10	10	19	31	0	
10	11	16	31	0	
11	10	20	31	0	
10	8	20	32	0	
8	10	19	29	0	
7	13	18	30	0	
9	12	16	31	0	
9	8	17	33	0	
9	10	17	31	0	
9	9	18	28	0	
9	9	15	27	0	
12	10	15	26	0	
11	10	16	26	0	
10	9	18	26	0	
12	10	21	26	0	
13	8	22	29	0	
15	8	22	29	0	
11	7	22	25	0	
11	6	24	29	0	
12	5	25	27	0	
13	5	25	30	0	
14	5	27	28	0	
15	5	26	28	0	
17	5	26	26	0	
17	5	22	27	0	
19	6	25	27	0	
22	9	25	24	0	
21	8	20	24	0	
21	9	19	24	0	
19	9	22	25	0	
17	10	23	25	0	
19	8	23	24	0	
21	9	22	26	0	
19	11	23	28	0	
19	9	24	28	0	
17	9	24	28	0	
15	8	24	27	0	
17	8	25	26	0	
18	9	24	23	0	
18	10	26	20	0	
17	10	25	19	0	
18	11	24	18	0	
18	10	27	19	0	
20	8	26	17	0	
21	9	30	17	0	
21	8	34	18	0	
19	9	25	16	0	
18	10	24	18	0	
19	12	24	16	0	
17	13	21	18	0	
16	13	19	18	0	
16	10	17	18	0	
15	7	16	15	0	
16	8	16	16	0	
16	10	18	17	0	
17	10	19	17	0	
16	7	20	18	0	
17	7	21	18	0	
19	8	21	19	0	
21	8	21	17	0	
20	9	16	15	0	
18	10	19	16	0	
19	10	21	17	0	
17	9	24	17	0	
20	8	24	16	0	
18	8	23	15	0	
16	8	25	17	0	
18	8	24	16	0	
20	8	26	19	0	
20	7	28	21	0	
20	7	27	21	0	
21	7	27	21	0	
23	10	28	19	0	
23	8	25	20	0	
19	9	29	19	0	
16	9	27	19	0	
16	9	30	19	0	
16	11	28	21	0	
15	10	28	23	0	
16	10	28	21	0	
16	10	27	19	0	
16	10	28	21	0	
18	10	26	23	0	
18	8	24	22	0	
19	10	22	22	0	
19	12	24	19	0	
19	12	20	17	0	
21	12	22	20	0	
20	14	26	17	0	
20	14	28	15	0	
18	14	25	16	0	
17	14	27	13	0	
13	16	28	13	0	
11	19	24	13	0	
9	20	25	13	0	
12	22	24	10	0	
12	21	24	11	0	
11	23	24	9	0	
12	25	23	9	0	
17	23	24	11	0	
16	23	23	8	0	
17	23	24	8	0	
19	25	22	7	0	
19	25	23	8	0	
19	24	22	7	0	
21	25	24	5	0	
21	24	23	4	0	
22	26	25	4	0	
23	24	24	5	0	
21	20	23	5	0	
19	20	22	6	0	
19	18	24	7	0	
18	18	19	8	0	
15	15	19	6	0	
15	13	19	5	0	
17	12	19	3	0	
17	11	22	3	0	
21	11	24	3	0	
21	12	27	3	0	
22	10	29	4	0	
18	11	28	4	0	
19	9	30	3	0	
18	8	34	4	0	
16	7	30	4	0	
15	7	28	7	0	
14	8	29	6	0	
13	8	26	9	0	
13	11	25	10	0	
13	14	28	10	0	
13	15	29	11	0	
14	18	28	10	0	
14	18	28	11	0	
12	18	31	12	0	
12	16	34	12	0	
11	18	33	12	0	
11	17	32	12	0	
11	16	31	12	0	
13	20	29	11	0	
15	18	30	15	0	
12	17	28	14	0	
13	16	30	13	0	
14	16	35	13	3	
15	13	32	11	0	
16	13	28	9	0	
17	14	29	8	0	
14	13	27	10	0	
15	13	26	10	0	
16	13	26	10	0	
16	14	25	8	0	
16	14	30	8	0	
19	14	32	6	0	
17	14	33	8	0	
16	17	30	10	0	
13	19	28	8	0	
14	18	30	12	0	
15	22	32	11	0	
15	22	32	10	0	
15	22	34	11	0	
15	20	33	10	0	
15	22	34	11	0	
17	23	29	11	0	
18	21	26	10	0	
19	22	27	9	0	
19	23	30	9	0	
18	22	31	10	0	
17	21	31	11	0	
16	22	30	11	0	
18	18	31	10	0	
16	19	30	9	0	
13	17	32	8	0	
13	16	32	7	0	
14	18	32	7	0	
13	15	32	7	0	
13	15	31	9	0	
12	12	31	10	3	
12	7	33	8	3	
11	6	34	10	3	
14	7	33	9	3	
13	6	33	11	3	
12	5	35	10	3	
12	8	37	11	3	
10	9	38	10	3	
10	7	36	9	3	
11	8	35	8	3	
11	8	38	9	3	
11	9	37	9	3	
11	8	36	11	3	
12	8	34	11	3	
12	7	30	9	3	
13	7	30	10	3	
10	6	34	12	3	
10	6	36	12	3	
10	5	33	16	0	
11	5	31	16	0	
11	6	31	19	0	
13	7	32	20	0	
15	8	28	19	0	
14	8	28	15	0	
16	9	32	17	0	
15	10	30	14	0	
16	10	34	15	0	
17	9	34	14	0	
17	10	34	14	0	
16	12	34	15	0	
16	11	35	16	3	
19	10	35	16	0	
20	10	38	14	0	
19	9	37	13	0	
17	9	33	14	0	
19	9	35	12	0	
18	11	37	8	0	
17	7	38	7	3	
17	8	37	6	3	
18	8	32	6	0	
16	7	34	6	0	
13	6	36	6	3	
13	7	37	7	3	
12	7	35	6	3	
12	7	33	8	3	
14	4	32	9	3	
14	5	34	11	3	
16	5	37	12	3	
13	4	38	12	3	
13	4	34	11	3	
14	6	35	10	3	
15	7	35	11	3	
13	7	33	13	3	
14	6	29	15	0	
14	6	31	13	0	
13	5	30	15	0	
10	5	30	18	0	
10	5	32	18	0	
10	6	34	18	0	
10	5	32	18	0	
10	6	32	20	0	
9	6	33	22	0	
8	6	37	19	0	
7	6	36	19	0	
7	6	38	18	3	
6	5	41	18	3	
6	7	48	17	3	
7	6	48	15	3	
8	6	45	15	3	
8	6	43	16	3	
5	7	44	15	3	
5	10	46	15	3	
6	8	43	15	3	
5	7	51	16	3	
4	7	47	17	3	
4	7	45	15	3	
2	6	50	17	3	
2	7	53	16	3	
2	7	54	18	3	
3	7	55	15	3	
3	8	57	15	3	
4	8	49	14	3	
4	7	51	14	3	
4	9	48	14	3	
1	8	47	10	3	
3	7	43	12	3	
4	8	43	13	3	
5	9	42	11	3	
5	9	44	9	3	
7	9	47	10	3	
6	8	46	12	3	
7	8	45	13	3	
5	9	41	14	3	
5	10	41	19	3	
6	10	36	19	0	
7	9	37	22	0	
9	9	34	22	0	
9	8	34	21	0	
8	8	35	22	0	
8	9	35	21	0	
9	9	33	21	0	
10	8	36	20	0	
10	7	36	21	0	
9	6	38	24	0	
8	6	33	24	0	
8	7	36	22	0	
9	8	35	24	0	
10	10	39	25	0	
9	10	34	24	0	
11	9	34	22	0	
9	9	33	22	0	
10	10	37	24	0	
12	9	35	22	0	
12	8	37	23	0	
12	8	39	24	0	
11	9	39	22	0	
10	8	38	22	0	
10	10	39	20	0	
11	11	37	23	0	
11	11	34	22	0	
9	10	32	22	0	
10	12	33	24	0	
10	12	32	21	0	
11	13	30	22	0	
12	14	32	26	0	
13	13	32	24	0	
14	11	32	23	0	
17	9	35	23	0	
19	10	32	20	0	
19	7	32	20	0	
20	7	27	16	0	
17	8	27	17	0	
15	8	29	18	0	
15	8	30	15	0	
14	7	36	15	3	
17	5	31	14	0	
15	7	29	14	0	
17	7	27	13	0	
17	5	27	11	0	
19	6	26	11	0	
18	6	26	12	0	
18	6	25	15	0	
20	6	22	19	0	
21	7	25	20	0	
19	7	22	18	0	
17	7	22	20	0	
19	8	21	18	0	
15	8	22	15	0	
14	8	26	14	0	
16	7	27	15	0	
15	7	29	14	0	
14	7	25	13	0	
13	8	21	13	0	
13	10	20	11	0	
11	10	21	13	0	
9	10	17	15	0	
11	9	18	16	0	
12	10	21	16	0	
8	11	22	18	0	
6	10	26	21	0	
7	11	26	20	0	
6	12	29	23	0	
5	13	29	19	0	
6	13	28	20	0	
8	12	31	20	0	
6	15	27	22	0	
5	15	26	23	0	
6	12	26	23	0	
7	11	28	23	0	
9	12	27	19	0	
9	13	28	19	0	
10	14	30	23	0	
9	11	31	26	0	
9	11	30	24	0	
12	12	31	24	0	
11	11	33	26	0	
10	12	34	25	0	
10	14	32	21	0	
10	13	35	21	0	
12	13	37	21	0	
10	14	36	19	0	
11	13	37	20	0	
10	12	38	20	0	
10	13	37	22	0	
11	14	37	20	0	
12	15	34	22	0	
13	16	31	20	0	
15	14	29	21	0	
15	13	25	18	0	
14	11	24	20	0	
14	14	25	19	0	
15	13	26	21	0	
15	14	27	20	0	
14	14	26	22	0	
15	14	30	23	0	
15	12	29	22	0	
12	11	31	22	0	
12	11	29	23	0	
13	12	32	21	0	
15	10	29	23	0	
15	8	31	22	0	
15	7	35	24	0	
18	7	36	25	0	
17	8	34	25	0	
18	8	32	24	0	
19	7	34	21	0	
18	7	37	18	0	
19	7	35	21	0	
20	7	37	17	0	
19	6	36	15	0	
20	8	34	15	0	
19	8	34	15	0	
24	7	33	17	0	
21	8	34	16	0	
21	6	32	14	0	
20	8	30	15	0	
20	8	32	12	0	
20	9	27	14	0	
19	9	30	14	0	
17	8	30	13	0	
17	9	30	14	0	
15	11	29	16	0	
15	11	33	16	0	
15	11	31	14	0	
13	10	32	16	0	
12	10	33	15	3	
13	11	35	17	0	
13	11	36	15	3	
12	11	35	13	3	
10	10	31	15	0	
10	11	32	15	0	
11	11	31	17	0	
11	10	30	16	0	
13	9	33	15	3	
12	8	36	15	3	
14	9	39	15	3	
13	9	38	13	3	
14	11	33	16	0	
14	10	33	15	3	
16	8	31	17	0	
14	11	29	16	0	
17	13	30	12	0	
17	14	28	13	0	
17	14	30	11	0	
15	15	29	11	0	
15	16	30	10	0	
15	15	30	10	0	
17	15	36	8	3	
17	16	37	8	3	
16	14	37	9	3	
16	12	36	8	3	
15	10	35	10	3	
13	10	39	10	3	
13	10	36	9	3	
13	10	36	8	3	
13	11	35	8	3	
13	12	36	9	3	
13	11	36	9	3	
14	12	37	8	3	
12	13	35	7	3	
12	13	40	7	3	
13	12	36	6	3	
14	10	37	6	3	
16	9	39	6	3	
17	9	39	9	3	
19	9	39	9	3	
19	10	35	8	0	
11	8	39	6	3	
11	8	37	6	3	
10	11	36	6	3	
11	8	35	6	3	
12	6	36	6	3	
12	7	34	6	3	
12	6	35	6	3	
12	6	39	6	3	
12	6	40	6	3	
11	6	40	7	3	
11	6	42	6	3	
11	6	50	5	3	
13	6	46	4	3	
13	7	47	4	3	
12	7	48	6	3	
13	6	45	7	3	
9	5	44	5	3	
8	4	44	4	3	
7	5	43	3	3	
7	4	45	3	3	
8	4	43	3	3	
10	4	42	3	3	
8	4	45	4	3	
10	4	48	3	3	
11	4	46	3	3	
12	3	48	3	3	
12	2	47	2	3	
13	1	45	4	3	
13	1	50	3	3	
12	1	48	5	3	
11	3	45	5	3	
9	5	46	4	3	
7	5	43	3	3	
10	6	39	3	3	
11	9	42	2	3	
12	7	40	2	3	
13	5	40	3	3	
13	5	39	3	3	
14	5	39	3	3	
17	9	39	4	3	
14	10	40	1	3	
14	10	39	2	3	
15	11	38	2	3	
17	11	38	2	3	
17	10	35	3	0	
18	9	41	3	3	
17	9	41	3	3	
15	8	44	2	3	
16	7	47	2	3	
16	8	36	3	3	
13	8	40	4	3	
15	9	38	4	3	
19	11	39	4	3	
19	9	34	3	0	
18	6	35	4	0	
18	6	36	5	0	
19	7	37	5	0	
18	7	37	8	0	
17	9	37	8	3	
13	9	35	8	3	
14	10	34	8	3	
13	9	38	9	3	
13	9	37	7	3	
13	9	36	6	3	
13	8	39	5	3	
12	11	41	5	3	
11	13	39	4	3	
12	12	40	5	3	
9	10	37	6	3	
12	11	36	6	3	
14	10	35	7	3	
16	9	36	7	3	
17	8	37	8	3	
17	8	36	7	3	
18	9	35	7	0	
20	11	37	9	0	
19	11	36	8	0	
19	11	40	9	3	
21	11	38	7	0	
19	10	38	9	0	
17	9	37	9	3	
16	10	35	10	3	
13	10	30	10	3	
12	13	31	10	3	
14	12	34	9	3	
17	10	33	9	0	
18	10	32	10	0	
17	9	33	13	0	
17	8	30	14	0	
17	8	31	14	0	
21	8	32	20	0	
20	9	34	22	0	
19	8	38	23	0	
17	8	33	24	0	
16	5	34	21	0	
16	5	29	18	0	
18	5	32	15	0	
16	4	27	13	0	
17	3	26	13	0	
15	3	24	12	0	
17	3	25	8	0	
19	3	25	7	0	
20	2	28	6	0	
22	2	26	7	0	
18	2	25	7	0	
20	2	22	7	0	
19	2	21	9	0	
18	3	24	9	0	
17	4	25	11	0	
15	4	27	12	0	
15	4	28	11	0	
16	5	27	9	0	
19	6	29	7	0	
19	7	28	8	0	
20	7	26	9	0	
17	7	27	10	0	
18	7	32	9	0	
21	7	34	8	0	
23	8	33	10	0	
22	8	34	11	0	
19	7	30	12	0	
20	8	30	12	0	
20	8	29	12	0	
18	10	24	14	0	
17	9	24	16	0	
16	9	23	15	0	
14	9	20	16	0	
14	9	24	17	0	
12	6	28	20	0	
12	5	31	22	0	
12	3	30	20	0	
13	4	33	21	0	
15	4	33	21	0	
16	5	34	19	0	
14	4	33	20	0	
13	5	34	21	0	
12	5	39	20	0	
12	5	39	19	3	
10	5	39	17	3	
10	4	36	16	3	
10	4	38	15	3	
8	5	39	11	3	
7	6	40	11	3	
8	4	37	11	3	
9	5	39	11	3	
9	7	39	11	3	
9	8	39	12	3	
11	12	42	13	3	
12	12	34	11	3	
12	12	34	10	3	
12	11	31	11	3	
13	11	31	9	3	
13	13	32	10	3	
14	12	35	11	3	
14	12	36	11	3	
16	13	32	10	0	
17	12	29	11	0	
14	14	28	10	0	
13	14	27	8	0	
12	14	25	8	0	
14	14	25	7	0	
13	14	25	8	0	
13	11	25	10	0	
15	10	24	10	0	
14	11	24	14	0	
18	12	23	12	0	
17	11	23	10	0	
18	11	22	10	0	
18	11	24	11	0	
17	12	23	10	0	
16	13	24	12	0	
15	13	23	9	0	
14	12	22	9	0	
16	13	26	9	0	
15	12	27	8	0	
15	10	28	10	0	
14	10	29	9	0	
13	9	27	10	0	
12	9	29	11	3	
12	8	29	12	3	
15	10	27	13	0	
15	11	24	14	0	
15	10	25	14	0	
12	11	26	16	0	
12	13	23	18	0	
11	13	21	17	0	
13	14	21	16	0	
14	15	19	19	0	
15	17	20	16	0	
17	17	20	13	0	
15	19	21	14	0	
14	22	24	14	0	
15	23	24	11	0	
17	20	20	12	0	
17	21	24	11	0	
16	21	19	12	0	
18	24	17	13	0	
19	22	19	17	0	
18	22	19	17	0	
16	20	16	15	0	
17	21	15	17	0	
17	19	15	16	0	
15	19	13	16	0	
16	19	11	19	0	
19	22	10	17	0	
15	22	13	18	0	
17	19	12	15	0	
17	20	13	11	0	
18	20	16	11	0	
18	20	16	12	0	
14	20	15	12	0	
15	20	16	14	0	
16	21	18	16	0	
17	21	19	17	0	
17	19	18	20	0	
19	21	18	20	0	
16	22	21	19	0	
17	24	20	20	0	
18	24	18	22	0	
16	23	19	23	0	
15	21	15	24	0	
16	18	14	23	0	
15	19	15	19	0	
14	19	16	18	0	
14	19	17	18	0	
13	21	19	17	0	
14	25	17	20	0	
15	23	14	22	0	
14	23	16	21	0	
11	25	15	22	0	
12	25	15	24	0	
11	21	15	21	0	
13	20	16	23	0	
12	16	18	23	0	
12	16	16	21	0	
13	17	16	24	0	
13	16	17	24	0	
11	21	18	23	0	
11	20	18	20	0	
8	23	17	21	0	
8	24	18	18	0	
9	24	15	14	0	
12	27	14	17	0	
11	27	14	17	0	
11	27	15	15	0	
14	29	18	17	0	
16	26	17	18	0	
18	25	18	17	0	
18	25	20	16	0	
18	26	19	14	0	
17	25	17	14	0	
17	22	19	14	0	
19	21	19	14	0	
22	22	17	12	0	
23	22	16	13	0	
24	22	19	13	0	
21	22	19	13	0	
20	18	19	12	0	
21	16	16	11	0	
19	14	16	11	0	
19	14	17	10	0	
19	16	15	9	0	
18	15	16	11	0	
19	16	17	10	0	
19	17	18	9	0	
17	17	15	10	0	
16	19	10	10	0	
17	17	11	9	0	
17	17	9	8	0	
16	16	9	8	0	
16	16	9	8	0	
13	16	9	7	0	
14	13	11	8	0	
16	12	12	11	0	
13	14	12	10	0	
16	14	10	9	0	
16	15	15	9	0	
15	14	16	8	0	
15	14	15	6	0	
15	13	14	6	0	
14	15	15	7	0	
16	14	14	6	0	
16	14	11	5	0	
16	13	11	5	0	
14	15	12	5	0	
14	15	12	5	0	
15	16	14	5	0	
16	13	14	3	0	
19	14	13	3	0	
19	15	12	3	0	
14	15	14	3	0	
16	14	15	4	0	
14	16	18	5	0	
16	20	18	5	0	
15	17	20	5	0	
14	20	23	5	0	
15	23	23	4	0	
14	21	21	5	0	
17	20	21	5	0	
18	19	22	7	0	
16	18	22	7	0	
16	18	23	7	0	
17	19	23	8	0	
20	16	23	8	0	
18	18	20	8	0	
14	18	20	9	0	
15	17	19	6	0	
16	14	20	7	0	
15	15	16	9	0	
16	16	16	10	0	
15	15	17	10	0	
17	15	21	8	0	
15	15	24	9	0	
15	16	28	8	0	
14	15	22	8	0	
17	17	24	9	0	
17	16	28	11	0	
16	16	26	12	0	
15	17	28	15	0	
15	16	30	15	0	
13	19	28	14	0	
15	17	27	12	0	
17	17	28	13	0	
16	14	29	13	0	
16	15	33	11	0	
14	14	29	10	0	
14	14	30	9	0	
15	15	29	10	0	
15	12	32	9	0	
15	12	30	9	0	
16	11	28	10	0	
