0	0	0	0	0	
0	0	0	0	0	
0	0	1	0	0	
0	0	1	1	0	
0	0	2	1	0	
0	0	2	2	0	
1	0	1	2	0	
1	1	2	3	0	
0	2	2	3	0	
0	2	2	5	0	
0	2	2	6	0	
1	2	2	5	0	
3	3	1	5	0	
3	3	1	6	0	
2	3	1	7	0	
1	3	1	7	0	
1	5	1	8	0	
1	5	2	9	0	
1	7	4	11	0	
2	7	5	14	0	
2	7	8	17	0	
4	7	8	19	0	
7	9	9	21	0	
5	9	13	23	0	
5	9	15	22	0	
7	10	15	23	0	
9	10	15	23	0	
8	11	17	21	0	
9	9	16	22	0	
9	8	19	22	0	
9	8	16	19	0	
9	8	17	20	0	
8	11	20	18	0	
10	12	21	19	0	
11	7	20	16	0	
12	7	20	13	0	
13	7	20	14	0	
14	7	21	12	0	
15	7	22	13	0	
15	7	20	12	0	
13	5	24	13	0	
14	8	23	15	0	
10	8	19	15	0	
11	9	17	15	0	
10	11	19	14	0	
10	11	18	11	0	
10	12	21	10	0	
17	10	22	11	0	
18	13	25	12	0	
17	10	26	11	0	
13	11	26	9	0	
14	11	25	11	0	
16	12	26	12	0	
17	13	27	10	0	
18	13	27	12	0	
18	13	29	16	0	
16	14	28	16	0	
16	16	29	18	0	
17	16	27	17	0	
18	16	26	16	0	
15	18	28	17	0	
13	16	28	19	0	
14	17	28	17	0	
11	15	30	19	0	
12	13	28	19	0	
13	13	23	19	0	
13	13	22	19	0	
13	12	24	19	0	
13	12	27	20	0	
13	13	32	21	0	
12	15	32	20	0	
10	15	30	20	0	
10	16	29	21	0	
9	16	28	22	0	
10	15	28	21	0	
10	13	29	19	0	
12	13	30	20	0	
11	14	29	22	0	
9	15	29	25	0	
11	17	29	26	0	
11	18	31	24	0	
11	17	30	22	0	
11	17	22	21	0	
11	18	22	22	0	
11	18	25	24	0	
11	17	27	22	0	
10	19	28	24	0	
10	18	28	22	0	
10	18	27	21	0	
9	16	30	24	0	
8	13	30	23	0	
9	14	29	24	0	
10	14	27	22	0	
10	12	31	25	0	
9	11	30	25	0	
9	12	32	25	0	
8	11	37	25	0	
8	8	35	22	0	
7	7	34	23	0	
6	6	31	23	0	
8	5	30	20	0	
7	6	33	22	0	
8	5	33	21	0	
8	6	35	21	0	
8	6	31	20	0	
10	5	32	21	0	
8	5	33	21	0	
10	6	35	20	0	
10	8	38	19	0	
11	7	37	18	0	
10	7	38	17	3	
9	5	36	18	0	
9	5	36	20	0	
13	4	36	21	0	
15	4	34	21	0	
13	3	31	18	0	
11	4	34	21	0	
11	4	35	20	0	
10	4	34	18	0	
11	3	35	15	3	
10	4	35	12	3	
12	4	39	13	3	
13	4	38	8	3	
10	4	34	9	3	
13	4	42	7	3	
14	4	48	7	3	
14	5	48	6	3	
13	5	49	6	3	
12	4	47	6	3	
14	4	48	6	3	
15	5	48	7	3	
13	5	48	8	3	
12	5	42	9	3	
14	5	44	8	3	
14	6	49	9	3	
11	4	53	10	3	
14	6	54	9	3	
14	8	53	9	3	
14	7	52	9	3	
13	5	51	10	3	
12	5	55	10	3	
11	7	54	12	3	
12	7	47	12	3	
11	7	44	11	3	
13	6	47	9	3	
12	6	50	9	3	
11	5	45	10	3	
9	5	45	10	3	
9	5	47	11	3	
9	5	41	11	3	
11	4	42	12	3	
11	4	42	11	3	
10	4	39	10	3	
9	4	37	11	3	
9	3	33	11	3	
9	1	32	11	3	
10	2	35	11	3	
12	1	34	12	3	
11	1	36	12	3	
11	1	37	9	3	
10	2	40	10	3	
9	2	38	9	3	
10	1	40	11	3	
13	2	42	16	3	
14	2	42	13	3	
12	3	43	11	3	
13	3	43	11	3	
14	3	42	10	3	
12	3	45	12	3	
14	3	46	10	3	
14	3	46	10	3	
14	3	45	12	3	
14	4	40	11	3	
13	5	35	10	3	
13	5	35	12	3	
13	5	31	13	3	
13	4	31	13	3	
11	4	27	14	0	
9	4	24	14	0	
9	4	28	16	0	
9	4	28	17	0	
7	4	27	18	0	
8	5	28	18	0	
7	3	29	18	0	
7	2	35	21	0	
6	2	39	22	0	
6	2	41	19	3	
5	1	44	19	3	
5	1	47	17	3	
6	1	48	17	3	
6	1	49	17	3	
6	2	48	17	3	
6	1	50	19	3	
5	0	50	18	3	
3	0	53	20	3	
4	0	53	21	3	
4	0	53	21	3	
4	0	52	20	3	
3	2	51	18	3	
3	2	49	22	3	
2	3	50	22	3	
2	4	48	21	3	
2	4	48	21	3	
2	4	51	23	3	
3	4	48	21	3	
4	5	48	24	3	
3	8	44	22	3	
3	7	44	20	3	
2	7	47	19	3	
2	7	49	22	3	
2	6	48	22	3	
2	7	48	20	3	
1	8	49	20	3	
1	9	43	17	3	
1	10	47	17	3	
1	10	42	18	3	
1	14	40	20	3	
1	13	35	17	0	
1	14	38	20	0	
2	14	40	19	3	
3	12	35	14	3	
5	13	37	13	3	
5	13	41	11	3	
5	14	43	12	3	
5	14	40	10	3	
6	12	43	8	3	
5	14	44	9	3	
5	14	40	9	3	
4	14	39	9	3	
4	11	36	11	3	
5	10	36	10	3	
4	10	34	11	3	
5	10	32	13	3	
6	13	33	14	3	
6	14	29	14	0	
7	12	31	14	0	
9	14	30	13	0	
6	12	29	15	0	
6	15	31	16	0	
5	15	30	19	0	
7	15	26	19	0	
8	17	27	19	0	
7	17	30	19	0	
8	18	31	17	0	
9	16	33	15	0	
9	16	34	14	0	
10	16	38	13	3	
10	17	39	13	3	
10	15	37	13	3	
11	13	36	13	3	
12	13	35	12	3	
13	11	31	10	3	
14	10	30	10	0	
16	11	30	10	0	
17	11	32	10	0	
18	10	28	11	0	
17	11	30	11	0	
20	11	27	10	0	
18	9	26	13	0	
17	10	25	16	0	
15	9	23	14	0	
16	9	25	16	0	
16	9	23	13	0	
17	9	25	16	0	
15	11	24	15	0	
16	12	24	16	0	
15	10	23	14	0	
14	10	23	15	0	
13	9	21	16	0	
14	8	19	15	0	
15	7	20	17	0	
14	9	19	19	0	
17	11	21	21	0	
16	12	24	21	0	
17	9	24	20	0	
17	9	26	17	0	
15	8	26	16	0	
17	6	23	15	0	
16	8	24	14	0	
17	8	22	14	0	
17	8	23	14	0	
15	8	24	15	0	
15	9	21	13	0	
16	8	22	16	0	
19	8	22	19	0	
20	8	24	18	0	
16	5	26	18	0	
14	4	25	20	0	
16	4	25	18	0	
14	4	31	17	0	
15	4	31	17	0	
15	4	34	15	3	
15	5	32	16	0	
17	5	27	17	0	
13	4	29	15	0	
13	4	28	14	0	
9	4	28	13	0	
8	5	27	13	0	
6	6	26	13	0	
5	6	27	12	0	
5	7	29	12	3	
6	8	28	11	3	
7	9	28	14	0	
9	12	27	16	0	
12	14	29	15	0	
13	15	26	15	0	
15	12	26	19	0	
16	13	24	23	0	
14	12	25	21	0	
16	12	24	23	0	
18	12	24	23	0	
16	14	25	23	0	
16	17	27	24	0	
15	15	26	22	0	
13	12	25	21	0	
15	11	23	22	0	
14	11	22	24	0	
14	10	22	23	0	
17	11	21	25	0	
18	11	20	23	0	
17	11	20	22	0	
17	11	17	23	0	
15	13	18	27	0	
19	15	12	23	0	
21	15	12	23	0	
22	17	12	26	0	
22	16	12	23	0	
20	16	12	24	0	
22	14	10	25	0	
19	11	10	26	0	
19	11	6	28	0	
19	9	5	30	0	
18	11	5	25	0	
20	13	6	26	0	
17	12	5	23	0	
21	11	6	24	0	
25	11	6	28	0	
25	13	6	28	0	
26	10	6	25	0	
25	11	6	29	0	
23	11	6	27	0	
29	9	5	26	0	
27	9	5	27	0	
27	11	5	21	0	
26	12	4	24	0	
27	13	5	27	0	
26	12	6	26	0	
25	13	5	24	0	
26	14	5	26	0	
23	14	4	28	0	
24	10	6	23	0	
26	11	7	22	0	
24	11	8	25	0	
24	10	11	25	0	
25	8	11	29	0	
27	8	9	30	0	
27	8	10	32	0	
26	7	11	32	0	
26	8	13	31	0	
25	8	14	31	0	
24	8	14	28	0	
23	7	16	29	0	
25	4	19	29	0	
23	4	19	26	0	
20	4	20	27	0	
17	3	19	24	0	
18	3	18	23	0	
19	3	18	23	0	
16	2	21	24	0	
15	2	20	22	0	
15	2	21	24	0	
16	1	20	28	0	
17	2	20	29	0	
17	2	24	26	0	
18	2	24	26	0	
21	2	20	24	0	
23	1	20	27	0	
26	2	19	25	0	
24	3	17	25	0	
29	3	16	23	0	
29	4	17	24	0	
30	4	15	24	0	
31	6	17	24	0	
32	7	18	22	0	
29	5	17	23	0	
26	5	16	21	0	
29	5	18	21	0	
33	6	17	18	0	
35	6	18	15	0	
35	8	16	13	1	
31	7	17	13	0	
29	4	18	13	0	
29	5	17	17	0	
32	6	16	19	0	
32	8	17	20	0	
32	9	15	19	0	
31	10	16	19	0	
29	9	18	18	0	
30	8	19	16	0	
30	9	14	16	0	
27	10	15	14	0	
25	11	10	15	0	
25	11	10	16	0	
24	10	11	17	0	
21	11	11	16	0	
20	12	10	16	0	
22	13	11	17	0	
25	12	11	15	0	
24	10	13	15	0	
27	10	12	16	0	
29	12	10	18	0	
30	13	11	15	0	
33	13	10	10	1	
32	13	9	10	1	
33	14	9	10	1	
33	13	11	12	1	
32	13	9	12	1	
33	14	10	13	1	
33	15	11	14	1	
31	16	11	13	0	
35	16	11	13	1	
30	14	10	15	0	
27	13	8	15	0	
25	15	10	15	0	
21	18	11	16	0	
23	17	9	16	0	
24	17	8	19	0	
25	17	7	18	0	
27	17	7	16	0	
29	17	8	14	0	
27	18	6	13	0	
28	21	7	13	0	
31	17	6	15	0	
33	14	4	15	1	
34	13	3	14	1	
35	15	2	15	1	
36	15	4	17	1	
34	16	4	17	0	
35	14	7	18	0	
33	15	6	16	0	
33	15	8	14	1	
37	13	7	13	1	
38	15	7	14	1	
41	16	6	13	1	
40	16	4	14	1	
43	15	5	12	1	
41	16	3	13	1	
41	15	3	11	1	
41	15	4	10	1	
40	15	4	9	1	
42	16	4	8	1	
39	16	5	8	1	
40	12	6	8	1	
36	11	8	7	1	
36	9	6	7	1	
34	10	5	6	1	
32	10	6	6	1	
28	14	7	5	0	
29	18	6	6	0	
28	15	7	6	0	
27	12	8	8	0	
24	14	7	8	0	
30	13	7	7	1	
33	11	7	8	1	
34	11	7	10	1	
35	12	9	10	1	
37	12	9	12	1	
40	10	10	13	1	
40	14	12	13	1	
40	14	12	11	1	
40	14	14	11	1	
40	14	13	11	1	
41	13	11	11	1	
37	14	12	11	1	
39	13	11	9	1	
33	11	12	9	1	
33	10	10	9	1	
34	9	10	9	1	
36	10	10	11	1	
35	7	10	11	1	
37	8	11	11	1	
38	8	10	12	1	
39	7	9	13	1	
37	4	10	11	1	
35	5	9	13	1	
36	6	11	13	1	
36	7	11	13	1	
35	7	10	15	1	
37	10	7	17	1	
36	8	6	18	0	
33	8	7	19	0	
30	8	6	22	0	
31	7	6	20	0	
30	7	7	22	0	
30	6	8	21	0	
31	4	7	22	0	
31	6	9	25	0	
35	6	8	28	0	
40	7	7	30	0	
38	8	6	32	0	
39	8	6	29	0	
41	7	7	28	0	
37	6	8	29	0	
35	5	10	30	0	
33	5	9	32	0	
35	6	11	36	0	
34	5	11	34	0	
29	5	11	34	0	
29	6	11	34	0	
27	7	12	34	0	
27	8	15	34	0	
25	8	14	31	0	
23	6	13	32	0	
23	5	14	33	0	
19	6	14	34	0	
21	5	16	36	0	
24	5	16	35	0	
23	4	15	27	0	
22	5	16	28	0	
21	5	16	28	0	
22	6	16	28	0	
24	8	14	27	0	
23	7	14	26	0	
23	8	11	27	0	
22	8	12	24	0	
25	10	13	25	0	
23	10	14	26	0	
24	11	14	22	0	
21	11	13	20	0	
21	11	12	20	0	
21	10	12	24	0	
22	11	12	26	0	
26	11	10	28	0	
21	11	9	28	0	
21	10	8	27	0	
21	10	7	28	0	
19	11	7	30	0	
22	10	8	29	0	
22	9	9	31	0	
20	7	7	31	0	
21	6	7	29	0	
19	7	5	29	0	
21	9	6	30	0	
20	8	7	30	0	
19	10	9	28	0	
17	11	10	26	0	
17	13	12	26	0	
17	16	11	27	0	
16	15	12	27	0	
16	14	13	27	0	
13	16	15	29	0	
14	13	15	28	0	
15	14	16	29	0	
13	13	17	34	0	
16	12	19	33	0	
14	14	15	28	0	
13	12	14	28	0	
11	12	14	29	0	
11	12	15	29	0	
12	13	16	26	0	
13	12	15	26	0	
14	16	14	24	0	
15	16	18	26	0	
15	19	17	27	0	
15	18	17	26	0	
17	20	17	23	0	
18	19	17	24	0	
16	19	16	22	0	
16	22	15	25	0	
17	24	14	25	0	
14	25	15	25	0	
14	25	13	22	0	
13	28	14	20	0	
14	28	16	19	0	
13	24	15	21	0	
15	24	14	24	0	
14	24	15	23	0	
15	26	17	22	0	
14	25	16	24	0	
13	24	17	22	0	
14	25	18	22	0	
14	26	19	19	0	
12	26	20	18	0	
11	25	18	19	0	
14	21	16	19	0	
15	23	15	18	0	
18	24	14	22	0	
19	25	17	24	0	
21	21	17	21	0	
20	19	17	20	0	
21	19	18	21	0	
20	18	17	22	0	
19	15	17	23	0	
16	14	15	19	0	
15	15	16	23	0	
15	18	18	22	0	
18	18	17	22	0	
16	20	17	20	0	
17	18	16	20	0	
17	18	19	18	0	
16	18	17	19	0	
15	17	13	17	0	
17	17	15	18	0	
18	17	14	22	0	
17	16	15	23	0	
19	16	15	20	0	
19	15	17	19	0	
20	15	17	20	0	
21	16	15	20	0	
22	15	17	19	0	
23	18	17	17	0	
23	17	17	18	0	
20	15	17	14	0	
21	16	12	14	0	
24	16	13	14	0	
23	17	16	9	0	
22	18	17	8	0	
19	15	18	11	0	
17	16	17	11	0	
16	16	18	11	0	
17	14	19	9	0	
18	12	21	10	0	
18	12	19	9	0	
18	14	21	8	0	
16	15	22	11	0	
18	14	24	9	0	
21	11	25	12	0	
19	11	24	9	0	
21	11	27	8	0	
21	11	24	9	0	
19	12	24	10	0	
20	10	26	8	0	
17	10	27	8	0	
18	10	25	7	0	
18	11	25	7	0	
17	11	25	9	0	
20	11	26	11	0	
20	10	25	11	0	
20	11	24	11	0	
19	10	29	11	0	
21	10	30	13	0	
19	10	28	12	0	
19	11	26	11	0	
18	10	25	13	0	
20	10	26	14	0	
20	9	24	15	0	
23	7	24	12	0	
24	7	20	11	0	
23	7	20	10	0	
21	7	26	10	0	
25	8	30	11	0	
24	6	30	11	0	
24	8	30	9	0	
23	9	30	6	0	
22	13	29	7	0	
24	11	33	6	0	
25	10	32	8	0	
25	11	31	10	0	
24	10	31	9	0	
28	12	27	10	0	
25	15	28	10	0	
22	15	26	8	0	
20	14	24	7	0	
19	13	23	7	0	
22	14	24	7	0	
20	12	27	8	0	
22	13	22	9	0	
24	15	22	8	0	
25	12	24	8	0	
26	11	27	10	0	
28	11	24	10	0	
29	13	24	10	0	
26	13	23	12	0	
31	13	22	12	0	
31	13	22	13	0	
26	14	21	13	0	
27	14	21	13	0	
27	12	20	14	0	
28	12	18	16	0	
28	12	18	14	0	
29	13	18	15	0	
28	13	21	12	0	
29	14	21	8	0	
31	13	24	8	0	
33	12	24	7	0	
32	13	26	5	0	
28	13	29	6	0	
27	11	28	7	0	
25	9	31	8	0	
22	7	31	8	0	
22	6	30	9	0	
19	6	34	8	0	
21	7	31	8	0	
21	6	30	9	0	
20	6	26	12	0	
19	8	32	12	0	
21	9	33	12	0	
22	9	34	15	0	
22	9	32	16	0	
22	7	32	13	0	
24	7	32	12	0	
21	8	32	11	0	
19	7	29	12	0	
21	8	34	13	0	
22	10	30	14	0	
19	11	36	16	0	
20	12	33	14	0	
21	13	35	12	0	
20	11	35	11	0	
19	11	33	9	0	
18	10	32	9	0	
17	10	33	10	0	
18	9	35	12	0	
21	8	37	11	0	
23	10	33	12	0	
21	8	29	13	0	
23	10	32	15	0	
24	10	30	13	0	
24	10	29	12	0	
25	9	28	12	0	
27	8	30	11	0	
27	8	30	12	0	
27	9	26	12	0	
24	11	27	11	0	
25	10	26	13	0	
26	9	29	12	0	
26	9	28	12	0	
26	8	28	14	0	
27	6	28	12	0	
26	5	26	11	0	
25	5	22	8	0	
22	6	21	10	0	
26	5	23	10	0	
21	6	24	10	0	
24	7	24	10	0	
23	8	25	11	0	
18	7	25	10	0	
18	9	25	8	0	
16	9	23	9	0	
16	9	25	7	0	
15	11	25	7	0	
16	12	22	7	0	
16	12	21	10	0	
14	11	17	12	0	
15	13	20	11	0	
16	13	23	10	0	
16	12	23	10	0	
17	14	24	11	0	
14	13	24	11	0	
13	13	27	15	0	
15	15	27	15	0	
14	16	24	12	0	
15	18	24	14	0	
18	13	23	14	0	
18	12	23	13	0	
19	14	26	13	0	
19	16	27	12	0	
16	16	28	11	0	
16	18	33	11	0	
16	18	30	10	0	
13	19	31	9	0	
12	18	29	9	0	
11	17	31	8	0	
9	19	35	9	0	
9	19	32	7	0	
9	20	31	9	0	
9	18	23	8	0	
10	19	22	8	0	
11	20	25	8	0	
13	17	22	11	0	
16	16	20	12	0	
16	15	21	12	0	
18	16	23	14	0	
14	17	24	14	0	
13	17	24	13	0	
15	16	26	12	0	
13	16	26	15	0	
13	16	23	17	0	
12	16	24	17	0	
10	17	22	19	0	
10	14	20	18	0	
9	13	20	19	0	
10	15	24	14	0	
10	14	22	14	0	
12	14	24	12	0	
13	17	23	13	0	
11	17	23	10	0	
10	19	22	11	0	
11	21	23	10	0	
10	21	24	9	0	
10	20	25	8	0	
7	22	27	8	0	
6	21	26	11	0	
8	22	26	14	0	
8	21	25	14	0	
11	21	26	14	0	
13	19	24	17	0	
16	18	25	17	0	
16	17	27	16	0	
13	21	28	17	0	
10	19	28	18	0	
11	18	27	21	0	
10	18	24	16	0	
11	18	21	14	0	
9	18	23	14	0	
9	18	26	13	0	
9	16	25	13	0	
9	15	24	15	0	
9	16	25	16	0	
10	16	26	15	0	
9	16	30	18	0	
11	16	28	18	0	
12	17	26	16	0	
11	19	24	19	0	
12	18	24	17	0	
11	18	22	15	0	
14	18	21	17	0	
15	17	23	18	0	
16	17	22	19	0	
17	17	21	18	0	
17	18	20	16	0	
16	18	24	12	0	
16	16	22	13	0	
14	15	22	13	0	
14	16	23	12	0	
14	16	29	12	0	
14	15	28	10	0	
13	15	30	11	0	
14	15	25	9	0	
14	11	23	11	0	
14	11	23	10	0	
15	14	21	11	0	
16	14	23	12	0	
17	14	24	15	0	
19	15	24	14	0	
18	13	22	15	0	
21	15	21	13	0	
21	15	21	13	0	
19	15	19	16	0	
17	15	19	14	0	
17	15	20	13	0	
17	13	19	12	0	
15	13	17	13	0	
16	14	19	11	0	
17	14	17	10	0	
18	12	18	10	0	
16	11	18	12	0	
18	14	20	8	0	
19	12	24	9	0	
16	11	26	10	0	
16	14	24	11	0	
17	13	21	10	0	
14	11	24	10	0	
14	12	28	11	0	
13	13	26	11	0	
11	12	26	13	0	
11	12	30	14	0	
10	9	32	15	0	
10	12	33	14	3	
10	12	32	14	3	
13	13	37	13	3	
11	14	37	14	3	
10	12	39	16	3	
11	12	39	17	3	
9	12	35	16	3	
10	12	33	17	0	
9	12	33	18	0	
12	11	32	17	0	
11	12	35	18	0	
9	12	37	19	0	
7	13	39	18	3	
8	12	34	16	0	
6	13	35	16	3	
5	12	33	13	3	
8	10	33	14	3	
8	10	34	14	3	
7	10	34	16	0	
6	12	31	16	0	
8	12	30	19	0	
8	12	29	23	0	
8	12	27	24	0	
9	12	26	24	0	
8	9	25	21	0	
11	8	24	19	0	
12	8	23	23	0	
14	7	22	20	0	
14	7	21	18	0	
14	7	23	19	0	
15	7	24	21	0	
17	7	25	23	0	
18	7	25	26	0	
18	5	24	27	0	
17	5	22	23	0	
19	6	23	21	0	
22	7	22	23	0	
22	7	18	22	0	
21	8	17	22	0	
22	7	16	23	0	
24	6	20	22	0	
21	3	19	24	0	
23	3	18	24	0	
20	2	21	24	0	
20	4	24	29	0	
21	5	24	29	0	
20	5	25	30	0	
19	5	26	31	0	
19	6	24	32	0	
19	5	26	25	0	
18	6	28	22	0	
15	5	32	23	0	
17	6	28	23	0	
18	5	27	23	0	
18	5	25	21	0	
19	5	23	18	0	
21	6	19	15	0	
23	4	18	19	0	
24	4	17	17	0	
24	3	17	14	0	
22	3	20	14	0	
22	3	20	16	0	
24	4	21	18	0	
23	5	24	16	0	
23	4	23	19	0	
24	5	19	18	0	
26	7	20	21	0	
29	5	20	19	0	
26	5	16	21	0	
23	6	17	19	0	
23	6	16	16	0	
22	6	18	16	0	
23	5	19	14	0	
26	4	18	13	0	
27	4	17	14	0	
27	6	20	13	0	
28	5	20	12	0	
26	3	19	13	0	
25	4	17	13	0	
23	3	19	12	0	
24	2	24	11	0	
26	2	26	13	0	
27	2	27	15	0	
24	2	25	13	0	
23	2	26	10	0	
23	2	29	8	0	
20	2	29	7	0	
22	2	31	6	0	
21	2	33	6	0	
18	2	29	10	0	
19	1	32	10	0	
22	1	29	7	0	
27	1	32	7	0	
28	2	30	7	0	
24	2	29	9	0	
23	2	30	9	0	
23	2	29	9	0	
24	3	31	10	0	
28	3	31	11	0	
27	4	28	10	0	
25	4	30	8	0	
25	3	32	7	0	
27	4	32	6	0	
25	5	33	6	0	
27	5	34	4	0	
25	5	35	4	0	
27	6	34	4	0	
30	6	32	6	0	
31	5	33	7	0	
28	5	32	9	0	
30	5	29	8	0	
31	5	30	10	0	
26	5	30	10	0	
30	5	29	10	0	
29	4	30	11	0	
25	4	31	11	0	
26	4	33	10	0	
23	5	32	10	0	
24	5	33	10	0	
22	5	32	8	0	
25	5	30	10	0	
23	4	30	8	0	
23	3	27	8	0	
26	3	28	9	0	
24	3	30	13	0	
27	3	28	12	0	
26	2	33	13	0	
24	3	36	12	0	
23	4	31	11	0	
23	4	28	11	0	
24	5	30	9	0	
22	5	31	9	0	
21	4	30	9	0	
20	5	30	10	0	
21	6	32	10	0	
21	7	31	11	0	
18	8	30	13	0	
17	9	32	10	0	
14	9	30	11	0	
16	8	32	10	0	
15	7	31	8	0	
14	8	30	8	0	
