1	0	0	0	0	
2	0	0	0	0	
3	0	1	0	0	
2	0	1	1	0	
2	0	1	1	0	
2	0	0	3	0	
2	1	0	4	0	
2	1	1	5	0	
2	1	1	4	0	
2	2	1	4	0	
3	3	2	5	0	
4	3	3	6	0	
5	4	3	8	0	
5	3	3	5	0	
5	4	4	6	0	
4	5	4	6	0	
5	5	5	6	0	
5	5	4	7	0	
8	8	6	8	0	
8	8	8	11	0	
8	10	10	13	0	
8	8	10	14	0	
9	7	13	15	0	
12	9	15	19	0	
11	8	16	18	0	
11	9	18	19	0	
10	9	20	17	0	
9	10	20	20	0	
9	12	21	24	0	
8	12	22	26	0	
7	12	23	26	0	
7	12	23	30	0	
8	10	21	31	0	
6	11	22	34	0	
7	13	25	38	0	
10	15	25	41	0	
13	16	26	43	0	
15	15	27	44	0	
16	14	25	39	0	
17	15	30	44	0	
17	15	31	45	0	
18	17	32	47	0	
17	18	30	46	0	
16	20	31	47	0	
13	23	33	48	0	
17	23	32	48	0	
16	23	33	47	0	
15	23	35	48	0	
15	26	34	49	0	
11	26	36	50	0	
10	22	38	55	0	
10	23	36	55	0	
10	28	36	55	0	
11	31	37	56	0	
11	34	39	57	0	
13	37	40	59	0	
14	39	37	59	0	
12	40	39	62	0	
12	40	41	61	0	
12	43	45	62	0	
12	42	41	67	0	
16	45	43	69	0	
12	47	45	68	0	
14	47	42	71	0	
13	48	43	70	0	
16	46	47	74	0	
17	43	51	75	0	
18	46	52	71	0	
18	53	52	72	0	
18	54	61	73	0	
18	55	63	77	0	
16	57	73	75	0	
16	58	79	81	0	
17	66	80	86	0	
18	67	80	88	0	
18	69	90	82	0	
16	70	90	80	0	
18	67	88	83	0	
21	73	94	85	0	
22	72	99	87	0	
18	69	104	86	0	
17	69	99	88	0	
18	70	98	87	0	
24	71	98	92	0	
25	68	101	85	0	
25	66	105	80	0	
28	65	116	80	0	
23	58	113	81	0	
21	62	123	84	3	
24	62	127	87	3	
24	61	133	88	3	
28	61	130	96	0	
28	56	121	103	0	
29	55	117	100	0	
28	53	128	111	0	
27	58	124	115	0	
25	54	119	119	0	
24	50	120	128	0	
24	48	121	130	0	
26	48	126	122	0	
25	47	119	119	0	
23	51	119	122	0	
24	51	130	115	0	
25	51	137	119	0	
25	51	148	117	0	
25	53	149	109	0	
31	53	162	105	3	
35	58	167	100	3	
33	61	165	99	3	
33	60	164	102	3	
34	67	168	101	3	
37	65	178	106	3	
29	62	182	106	3	
32	63	177	113	3	
34	65	188	115	3	
31	67	196	124	3	
38	68	202	130	3	
44	73	209	138	3	
40	71	215	129	3	
43	72	234	128	3	
43	66	243	136	3	
41	65	255	140	3	
44	66	255	148	3	
43	67	254	137	3	
39	68	263	137	3	
43	73	265	137	3	
40	73	265	145	3	
40	76	262	152	3	
45	70	264	155	3	
46	76	270	154	3	
46	78	278	152	3	
40	75	281	154	3	
39	74	277	155	3	
42	72	273	160	3	
43	67	277	161	3	
47	73	281	164	3	
52	66	283	175	3	
52	64	290	176	3	
51	60	296	182	3	
47	65	300	172	3	
50	64	306	166	3	
57	68	309	166	3	
53	74	326	169	3	
57	75	328	164	3	
57	74	321	175	3	
52	71	325	182	3	
46	67	338	180	3	
48	62	334	185	3	
51	65	351	201	3	
53	61	355	200	3	
53	58	352	209	3	
54	61	344	207	3	
55	62	347	200	3	
55	64	359	207	3	
61	63	369	206	3	
61	63	388	207	3	
62	64	379	202	3	
68	59	374	210	3	
75	60	379	218	3	
74	53	381	238	3	
66	58	374	241	3	
64	60	383	243	3	
65	62	411	234	3	
64	59	412	234	3	
62	57	422	233	3	
63	55	433	234	3	
66	60	437	235	3	
62	68	452	234	3	
63	65	454	240	3	
57	66	463	238	3	
59	67	460	230	3	
56	72	454	236	3	
55	70	472	241	3	
53	65	484	240	3	
55	66	497	247	3	
55	65	485	246	3	
59	68	499	254	3	
59	76	494	258	3	
61	75	497	261	3	
59	74	497	270	3	
64	76	517	283	3	
66	80	520	288	3	
69	81	514	283	3	
65	78	522	286	3	
66	76	544	288	3	
67	78	548	281	3	
65	75	561	283	3	
61	76	555	280	3	
60	82	560	288	3	
64	80	558	285	3	
61	82	551	277	3	
62	85	560	286	3	
68	77	561	288	3	
69	78	563	300	3	
71	76	576	305	3	
64	71	605	298	3	
67	71	599	309	3	
65	69	596	322	3	
67	69	592	325	3	
73	62	567	333	3	
73	62	564	331	3	
71	65	580	337	3	
68	69	597	330	3	
68	73	601	332	3	
69	73	609	346	3	
71	75	626	337	3	
73	78	627	328	3	
73	69	634	327	3	
74	72	645	337	3	
72	72	641	332	3	
72	77	660	330	3	
71	79	667	338	3	
84	77	681	332	3	
86	75	675	335	3	
82	73	673	343	3	
83	75	652	359	3	
81	81	644	362	3	
84	88	663	352	3	
87	93	664	359	3	
78	93	670	358	3	
82	88	661	365	3	
83	90	668	359	3	
84	93	687	359	3	
84	100	709	368	3	
84	100	703	370	3	
78	103	704	364	3	
75	104	709	375	3	
76	98	705	381	3	
80	95	711	380	3	
76	100	719	365	3	
75	105	710	362	3	
70	109	709	364	3	
65	109	700	357	3	
64	117	725	364	3	
62	116	737	363	3	
64	112	741	371	3	
70	109	749	388	3	
69	116	766	363	3	
68	115	761	376	3	
71	117	762	377	3	
71	117	779	370	3	
75	122	775	375	3	
70	129	782	375	3	
70	118	771	380	3	
76	114	768	390	3	
78	118	783	388	3	
79	117	776	395	3	
77	113	773	386	3	
72	111	768	394	3	
73	124	775	397	3	
78	118	769	388	3	
76	120	773	399	3	
83	125	784	404	3	
79	129	787	405	3	
87	126	808	399	3	
91	121	820	403	3	
91	124	816	411	3	
91	115	826	406	3	
85	116	817	418	3	
87	113	796	413	3	
88	109	808	411	3	
88	110	825	416	3	
87	109	842	411	3	
87	106	828	418	3	
85	110	833	424	3	
93	111	849	418	3	
98	102	843	438	3	
104	103	855	442	3	
110	96	853	442	3	
103	93	865	436	3	
90	92	872	434	3	
92	98	880	444	3	
96	113	886	433	3	
99	104	874	443	3	
98	99	884	439	3	
98	103	882	423	3	
93	100	887	410	3	
95	100	919	414	3	
90	97	907	407	3	
84	97	919	421	3	
88	91	912	417	3	
90	93	921	400	3	
87	95	905	403	3	
88	100	907	407	3	
89	98	901	411	3	
97	95	919	412	3	
94	86	931	399	3	
93	89	907	400	3	
92	86	896	400	3	
99	80	899	399	3	
96	84	900	400	3	
97	81	892	399	3	
100	81	921	414	3	
103	74	953	420	3	
103	75	941	427	3	
100	73	920	432	3	
96	75	913	425	3	
98	70	947	430	3	
103	74	947	425	3	
109	71	941	415	3	
109	73	962	420	3	
114	70	956	416	3	
108	75	964	410	3	
113	81	968	413	3	
117	79	951	403	3	
113	73	961	400	3	
114	78	962	392	3	
105	78	977	407	3	
109	72	985	410	3	
109	68	981	408	3	
108	67	1001	403	3	
107	71	993	405	3	
106	72	978	406	3	
100	70	984	402	3	
104	78	990	406	3	
106	78	966	422	3	
106	74	966	430	3	
111	72	945	423	3	
114	72	957	412	3	
116	72	961	412	3	
116	74	969	404	3	
115	72	964	403	3	
107	74	975	422	3	
104	70	973	414	3	
102	72	977	406	3	
108	69	994	412	3	
114	69	983	414	3	
112	68	976	408	3	
119	65	979	393	3	
118	61	966	393	3	
118	58	973	398	3	
111	55	966	399	3	
107	58	967	399	3	
114	56	997	409	3	
108	58	996	406	3	
104	51	987	402	3	
106	54	1020	408	3	
101	53	1022	395	3	
101	50	1027	383	3	
103	51	1022	388	3	
103	53	1024	380	3	
101	51	1008	387	3	
96	53	1012	399	3	
102	55	1004	400	3	
107	55	998	395	3	
108	54	1008	390	3	
102	52	1003	395	3	
99	53	1025	420	3	
104	53	1020	423	3	
107	49	1009	417	3	
98	42	974	411	3	
99	37	979	414	3	
95	36	990	395	3	
91	37	994	396	3	
80	33	974	387	3	
82	30	966	402	3	
82	31	965	403	3	
75	35	985	404	3	
84	33	991	404	3	
88	33	975	411	3	
85	34	971	408	3	
89	33	982	402	3	
91	33	986	394	3	
95	27	975	390	3	
95	31	965	395	3	
94	31	978	383	3	
91	31	972	377	3	
88	30	963	390	3	
86	29	937	387	3	
89	30	955	393	3	
87	30	974	386	3	
84	29	969	400	3	
86	30	979	394	3	
82	30	1000	381	3	
82	29	996	375	3	
81	33	987	383	3	
88	34	1008	395	3	
86	35	1014	392	3	
89	38	1004	390	3	
88	33	1031	373	3	
91	32	1026	358	3	
97	29	1044	367	3	
96	26	1054	357	3	
99	26	1067	366	3	
100	24	1065	363	3	
103	21	1056	356	3	
100	22	1053	354	3	
97	21	1034	355	3	
98	22	1030	345	3	
97	23	1006	341	3	
101	21	1005	348	3	
95	21	1014	350	3	
91	20	990	360	3	
95	21	1005	351	3	
93	21	1009	344	3	
81	21	1022	341	3	
80	20	1015	353	3	
80	21	1013	351	3	
80	22	1018	354	3	
84	22	1021	371	3	
87	22	1029	373	3	
80	22	1021	370	3	
80	20	1008	377	3	
74	18	1001	403	3	
74	17	1015	400	3	
75	17	992	395	3	
76	18	989	399	3	
77	16	1025	392	3	
75	16	1033	381	3	
75	16	1020	378	3	
79	15	1015	372	3	
78	13	1002	356	3	
77	12	1013	362	3	
81	15	1033	359	3	
81	15	1041	360	3	
76	14	1050	365	3	
75	15	1045	360	3	
76	16	1047	347	3	
72	17	1045	351	3	
77	17	1053	372	3	
84	16	1052	352	3	
88	11	1060	358	3	
90	10	1053	349	3	
94	11	1052	351	3	
91	12	1056	361	3	
91	11	1047	361	3	
86	12	1084	365	3	
87	12	1061	358	3	
92	10	1065	350	3	
88	13	1074	349	3	
86	15	1086	368	3	
86	17	1076	362	3	
88	18	1075	359	3	
92	16	1096	358	3	
93	16	1114	365	3	
91	16	1130	367	3	
91	16	1107	370	3	
92	16	1098	368	3	
89	17	1096	365	3	
83	19	1085	355	3	
81	17	1075	360	3	
76	16	1090	353	3	
72	16	1094	375	3	
75	21	1083	398	3	
83	19	1050	374	3	
86	19	1069	378	3	
80	19	1077	365	3	
75	20	1089	361	3	
75	18	1062	359	3	
75	19	1063	359	3	
82	20	1050	360	3	
84	23	1047	357	3	
86	26	1055	371	3	
83	27	1054	366	3	
77	28	1027	356	3	
76	30	1051	351	3	
77	31	1073	358	3	
76	34	1057	348	3	
74	33	1062	350	3	
77	33	1053	346	3	
79	30	1043	352	3	
81	29	1072	359	3	
82	28	1066	347	3	
79	28	1069	345	3	
73	27	1055	339	3	
74	28	1067	339	3	
78	27	1077	332	3	
77	29	1095	330	3	
79	33	1099	326	3	
82	35	1111	326	3	
81	32	1098	312	3	
81	28	1082	320	3	
85	27	1088	321	3	
80	31	1098	327	3	
71	27	1088	333	3	
70	24	1066	327	3	
79	22	1081	315	3	
88	21	1097	324	3	
89	21	1120	334	3	
82	22	1134	345	3	
81	21	1130	343	3	
86	17	1138	336	3	
93	17	1120	326	3	
101	16	1130	312	3	
100	16	1124	325	3	
100	20	1135	328	3	
97	19	1151	331	3	
95	18	1140	337	3	
94	18	1128	340	3	
91	19	1120	340	3	
94	19	1114	345	3	
98	18	1108	343	3	
88	19	1107	346	3	
87	21	1123	345	3	
89	25	1104	348	3	
93	27	1091	364	3	
92	23	1094	368	3	
101	24	1106	368	3	
105	25	1107	358	3	
107	23	1108	356	3	
104	19	1110	360	3	
105	17	1119	371	3	
100	15	1112	376	3	
100	12	1110	381	3	
99	15	1091	380	3	
104	18	1107	377	3	
98	20	1106	369	3	
94	17	1067	373	3	
84	21	1066	371	3	
86	16	1086	365	3	
92	18	1090	361	3	
100	15	1085	362	3	
99	15	1080	357	3	
98	17	1076	359	3	
101	15	1085	362	3	
97	14	1079	362	3	
99	14	1078	368	3	
99	17	1069	360	3	
96	18	1059	348	3	
89	16	1070	349	3	
92	17	1070	340	3	
99	16	1058	341	3	
100	19	1077	352	3	
103	19	1089	345	3	
106	20	1089	346	3	
106	21	1076	351	3	
104	21	1083	357	3	
103	22	1098	365	3	
104	26	1127	361	3	
110	23	1148	356	3	
102	25	1148	368	3	
96	27	1153	360	3	
98	27	1151	355	3	
93	27	1165	347	3	
87	26	1166	350	3	
91	27	1165	346	3	
99	23	1168	360	3	
99	21	1164	350	3	
103	21	1154	349	3	
103	19	1166	345	3	
104	23	1169	346	3	
99	20	1165	350	3	
99	20	1181	360	3	
98	19	1167	352	3	
93	18	1159	351	3	
97	17	1138	352	3	
96	17	1130	344	3	
95	18	1111	354	3	
96	21	1122	355	3	
94	21	1105	360	3	
100	19	1105	356	3	
98	18	1125	349	3	
98	18	1112	350	3	
101	20	1122	356	3	
104	21	1114	362	3	
109	17	1133	355	3	
105	17	1133	345	3	
115	18	1113	336	3	
111	18	1095	324	3	
107	18	1078	339	3	
106	16	1088	345	3	
114	13	1063	325	3	
108	15	1050	333	3	
112	16	1048	344	3	
113	16	1047	344	3	
110	16	1056	353	3	
112	17	1035	354	3	
105	17	1018	353	3	
108	18	1025	361	3	
107	17	1056	352	3	
113	19	1072	352	3	
112	25	1064	342	3	
110	20	1068	344	3	
98	22	1061	349	3	
99	26	1081	355	3	
102	28	1094	355	3	
102	28	1085	362	3	
101	27	1097	365	3	
103	28	1091	363	3	
102	26	1063	346	3	
102	28	1065	339	3	
103	28	1076	342	3	
104	26	1085	339	3	
102	26	1094	324	3	
96	22	1074	328	3	
98	27	1084	322	3	
98	27	1094	322	3	
104	24	1110	326	3	
102	26	1108	342	3	
101	26	1107	337	3	
102	25	1112	341	3	
102	28	1107	328	3	
103	30	1101	341	3	
103	31	1091	348	3	
97	32	1125	349	3	
103	32	1110	343	3	
104	31	1130	346	3	
101	30	1140	340	3	
112	32	1148	334	3	
119	35	1147	340	3	
114	34	1130	341	3	
114	36	1105	337	3	
112	38	1113	328	3	
108	42	1124	321	3	
104	40	1135	314	3	
106	35	1134	301	3	
110	32	1131	302	3	
105	32	1137	302	3	
98	33	1132	305	3	
99	33	1123	310	3	
95	31	1119	324	3	
93	30	1138	322	3	
86	30	1121	328	3	
85	31	1105	334	3	
85	34	1103	325	3	
88	35	1097	323	3	
87	33	1101	319	3	
80	32	1112	310	3	
85	37	1143	304	3	
86	35	1118	294	3	
83	31	1143	304	3	
90	27	1140	309	3	
81	26	1144	311	3	
79	27	1139	315	3	
77	29	1142	314	3	
75	27	1149	305	3	
71	26	1143	307	3	
68	24	1148	312	3	
65	28	1148	316	3	
66	27	1157	306	3	
69	25	1159	311	3	
64	27	1157	310	3	
65	29	1153	298	3	
64	26	1164	300	3	
64	29	1155	298	3	
71	27	1146	302	3	
68	30	1150	301	3	
63	29	1145	306	3	
60	30	1155	313	3	
60	33	1149	313	3	
63	32	1140	319	3	
65	29	1153	325	3	
71	28	1142	325	3	
76	24	1159	329	3	
86	19	1130	321	3	
95	20	1123	314	3	
93	22	1128	321	3	
91	22	1148	314	3	
86	25	1150	314	3	
86	26	1147	302	3	
83	31	1155	298	3	
84	29	1125	303	3	
87	31	1120	318	3	
85	30	1118	315	3	
95	29	1119	307	3	
103	29	1120	314	3	
102	28	1116	327	3	
103	27	1144	322	3	
100	30	1139	314	3	
102	29	1139	313	3	
105	28	1122	310	3	
102	26	1137	302	3	
98	26	1133	294	3	
100	27	1136	296	3	
100	32	1157	287	3	
104	35	1150	283	3	
96	38	1139	279	3	
90	39	1134	287	3	
88	40	1135	290	3	
89	37	1147	290	3	
90	38	1157	303	3	
96	36	1122	310	3	
96	31	1114	322	3	
100	33	1128	319	3	
105	32	1108	326	3	
116	33	1112	330	3	
118	33	1122	325	3	
120	36	1136	326	3	
116	35	1112	334	3	
106	35	1117	321	3	
111	28	1126	301	3	
111	27	1124	318	3	
112	30	1104	317	3	
111	35	1127	315	3	
108	40	1110	323	3	
109	42	1094	323	3	
107	38	1121	323	3	
99	38	1109	331	3	
97	34	1100	322	3	
99	30	1101	301	3	
100	28	1102	302	3	
105	26	1084	293	3	
107	25	1114	292	3	
108	26	1077	297	3	
108	26	1089	302	3	
113	26	1083	306	3	
119	26	1090	294	3	
114	26	1098	299	3	
108	25	1122	302	3	
103	27	1128	309	3	
99	35	1126	319	3	
97	31	1135	321	3	
96	27	1123	326	3	
97	26	1121	332	3	
103	26	1089	336	3	
100	26	1060	329	3	
109	23	1086	324	3	
106	20	1061	323	3	
111	18	1052	318	3	
117	18	1047	327	3	
120	18	1058	321	3	
125	17	1073	324	3	
126	15	1092	330	3	
131	17	1083	319	3	
135	16	1103	314	3	
133	17	1129	324	3	
130	17	1133	325	3	
121	18	1129	317	3	
126	16	1143	313	3	
127	17	1142	311	3	
126	17	1151	320	3	
123	17	1142	306	3	
125	16	1126	292	3	
116	14	1122	282	3	
116	14	1124	277	3	
114	14	1139	282	3	
107	19	1119	289	3	
112	21	1106	291	3	
106	20	1108	291	3	
103	21	1112	285	3	
105	20	1145	281	3	
103	19	1152	281	3	
110	22	1163	287	3	
119	19	1162	283	3	
116	22	1164	277	3	
110	24	1155	281	3	
103	18	1161	286	3	
106	17	1155	288	3	
107	16	1170	306	3	
109	18	1167	329	3	
108	14	1151	318	3	
103	14	1148	310	3	
104	14	1172	323	3	
104	14	1159	323	3	
97	15	1154	322	3	
98	14	1141	327	3	
104	17	1148	332	3	
101	17	1163	320	3	
100	18	1173	313	3	
105	16	1175	310	3	
106	15	1189	309	3	
112	16	1198	297	3	
106	17	1200	301	3	
108	18	1205	296	3	
111	18	1201	300	3	
113	18	1218	311	3	
113	14	1211	302	3	
110	15	1232	299	3	
116	14	1232	303	3	
120	12	1218	294	3	
114	13	1191	302	3	
113	12	1201	295	3	
108	15	1213	292	3	
107	13	1240	286	3	
104	12	1238	289	3	
103	11	1230	290	3	
105	11	1230	291	3	
105	11	1236	300	3	
96	12	1256	301	3	
95	12	1255	307	3	
95	11	1238	298	3	
95	11	1235	293	3	
97	8	1251	300	3	
96	7	1223	297	3	
90	9	1228	291	3	
90	10	1227	284	3	
90	13	1224	296	3	
92	11	1234	300	3	
99	10	1208	283	3	
101	13	1234	283	3	
95	15	1220	287	3	
89	12	1233	294	3	
86	12	1212	302	3	
85	13	1201	313	3	
88	14	1213	310	3	
86	13	1207	323	3	
86	13	1209	327	3	
91	13	1174	317	3	
86	13	1169	305	3	
85	14	1184	307	3	
87	15	1192	295	3	
77	15	1175	284	3	
78	14	1138	284	3	
80	15	1154	271	3	
83	14	1166	270	3	
88	15	1160	270	3	
90	13	1149	264	3	
89	13	1139	272	3	
90	13	1158	266	3	
83	12	1158	255	3	
82	14	1162	261	3	
80	15	1169	252	3	
77	12	1149	245	3	
79	12	1155	240	3	
78	10	1154	245	3	
78	10	1183	259	3	
78	11	1174	258	3	
80	9	1183	257	3	
80	9	1181	251	3	
79	8	1175	257	3	
69	9	1186	254	3	
70	8	1200	255	3	
74	8	1205	257	3	
72	7	1215	261	3	
74	7	1216	261	3	
74	6	1201	267	3	
72	8	1198	273	3	
74	10	1177	264	3	
67	11	1185	253	3	
72	12	1186	253	3	
77	11	1193	250	3	
71	12	1215	246	3	
74	11	1208	250	3	
73	12	1220	262	3	
70	13	1229	273	3	
68	13	1223	272	3	
70	12	1213	267	3	
68	13	1201	272	3	
64	14	1216	270	3	
70	13	1214	281	3	
72	15	1227	282	3	
73	16	1228	276	3	
73	17	1233	278	3	
80	19	1233	281	3	
85	19	1236	283	3	
84	18	1254	278	3	
89	18	1246	282	3	
87	19	1244	288	3	
79	18	1241	276	3	
76	17	1244	288	3	
80	16	1242	293	3	
80	15	1226	285	3	
80	15	1234	282	3	
79	15	1206	285	3	
78	15	1184	283	3	
81	13	1188	284	3	
79	14	1218	277	3	
78	16	1219	276	3	
80	12	1237	279	3	
77	14	1234	286	3	
73	15	1221	300	3	
69	13	1230	290	3	
66	12	1225	291	3	
74	10	1224	304	3	
71	10	1196	305	3	
73	10	1180	304	3	
73	10	1158	304	3	
74	12	1148	298	3	
77	12	1135	299	3	
78	12	1131	300	3	
83	11	1120	289	3	
81	9	1119	295	3	
80	11	1150	299	3	
79	9	1177	304	3	
84	13	1166	297	3	
87	13	1183	298	3	
88	13	1181	295	3	
85	13	1171	312	3	
91	14	1194	301	3	
87	14	1194	301	3	
93	12	1175	295	3	
84	12	1167	293	3	
88	13	1172	294	3	
88	13	1182	293	3	
90	14	1182	282	3	
88	15	1173	286	3	
90	14	1177	279	3	
88	16	1158	274	3	
86	15	1153	266	3	
88	18	1147	256	3	
86	18	1172	254	3	
93	21	1171	249	3	
90	20	1203	242	3	
97	20	1207	251	3	
102	20	1226	241	3	
102	21	1224	239	3	
103	19	1247	220	3	
102	22	1230	217	3	
94	21	1229	222	3	
102	19	1236	226	3	
97	17	1252	228	3	
96	17	1254	233	3	
95	18	1253	236	3	
99	20	1249	242	3	
108	18	1240	245	3	
106	16	1250	239	3	
113	16	1242	248	3	
104	16	1223	263	3	
103	12	1217	266	3	
104	12	1209	269	3	
97	15	1211	259	3	
96	15	1200	247	3	
86	15	1219	246	3	
90	15	1238	259	3	
92	16	1245	253	3	
94	13	1244	275	3	
103	14	1264	266	3	
98	14	1280	266	3	
96	19	1265	265	3	
89	22	1250	262	3	
86	24	1234	255	3	
90	25	1226	254	3	
90	23	1204	246	3	
95	21	1205	249	3	
92	23	1185	254	3	
92	21	1185	258	3	
93	25	1202	257	3	
99	25	1193	262	3	
99	23	1202	255	3	
101	22	1184	257	3	
105	21	1184	259	3	
100	20	1150	263	3	
93	22	1178	260	3	
85	21	1163	263	3	
86	25	1174	267	3	
82	25	1186	272	3	
82	26	1169	265	3	
90	23	1175	271	3	
94	22	1176	281	3	
98	19	1192	286	3	
97	16	1183	289	3	
97	19	1193	289	3	
86	18	1171	280	3	
82	17	1181	288	3	
82	18	1201	291	3	
81	18	1182	286	3	
84	17	1181	275	3	
90	16	1187	269	3	
82	15	1202	267	3	
83	17	1205	263	3	
88	21	1202	268	3	
85	21	1195	274	3	
77	20	1191	270	3	
76	22	1199	262	3	
74	24	1224	257	3	
82	23	1198	262	3	
80	22	1195	262	3	
75	20	1189	250	3	
77	21	1182	258	3	
86	21	1181	252	3	
89	19	1166	248	3	
94	18	1174	259	3	
93	19	1165	254	3	
91	20	1165	270	3	
92	21	1159	274	3	
94	19	1172	280	3	
97	24	1178	287	3	
99	25	1217	291	3	
99	26	1226	287	3	
97	21	1229	283	3	
88	24	1217	282	3	
92	27	1207	282	3	
96	28	1177	295	3	
99	28	1174	285	3	
98	26	1188	286	3	
96	21	1182	277	3	
101	21	1181	271	3	
103	20	1167	265	3	
104	20	1172	268	3	
97	19	1159	278	3	
101	20	1190	271	3	
109	25	1206	280	3	
114	25	1204	262	3	
118	25	1195	264	3	
125	25	1201	268	3	
130	22	1190	277	3	
130	23	1171	280	3	
133	27	1173	271	3	
124	26	1166	273	3	
129	26	1157	280	3	
130	25	1163	285	3	
139	24	1172	283	3	
143	24	1165	287	3	
141	24	1158	292	3	
140	27	1178	280	3	
131	27	1162	281	3	
131	25	1149	282	3	
141	24	1138	273	3	
139	25	1137	272	3	
134	27	1141	281	3	
132	26	1188	285	3	
123	27	1175	288	3	
121	26	1163	304	3	
131	25	1143	299	3	
130	26	1124	305	3	
131	28	1119	278	3	
136	29	1135	267	3	
142	30	1122	266	3	
144	31	1136	257	3	
148	31	1135	264	3	
