0	0	0	1	0	
0	0	0	1	0	
0	0	1	2	0	
1	0	1	2	0	
1	0	1	2	0	
2	1	1	2	0	
2	1	1	3	0	
2	1	1	2	0	
2	2	1	2	0	
3	3	1	2	0	
3	3	1	3	0	
4	3	1	4	0	
4	4	1	4	0	
3	5	1	6	0	
4	5	2	7	0	
5	5	2	6	0	
4	3	2	5	0	
5	3	3	5	0	
6	4	3	6	0	
6	4	2	7	0	
4	6	2	9	0	
4	6	5	9	0	
6	7	5	9	0	
5	7	7	8	0	
5	5	7	8	0	
7	6	9	8	0	
7	5	10	8	0	
6	5	11	8	0	
5	4	11	8	0	
3	5	12	8	0	
6	4	13	9	0	
6	4	15	7	0	
6	4	15	7	0	
7	5	17	9	0	
7	7	20	9	0	
8	7	22	8	0	
10	6	29	11	3	
8	8	33	11	3	
8	9	33	13	3	
8	9	32	14	3	
8	9	37	12	3	
7	10	38	14	3	
8	10	39	17	3	
7	11	44	16	3	
10	12	46	16	3	
10	12	47	18	3	
11	14	45	17	3	
10	13	47	17	3	
9	16	47	18	3	
8	21	41	20	0	
8	22	40	19	0	
8	20	45	22	3	
10	22	47	25	3	
11	20	51	26	3	
14	22	58	24	3	
14	24	57	23	3	
17	21	56	25	3	
17	19	58	24	3	
20	21	62	26	3	
22	22	63	29	3	
22	26	64	28	3	
27	24	64	27	3	
27	23	59	30	3	
28	20	59	32	3	
28	18	65	32	3	
21	17	72	31	3	
22	19	73	29	3	
20	19	78	32	3	
17	20	80	34	3	
17	17	81	36	3	
22	18	76	40	3	
20	21	66	39	3	
24	26	77	40	3	
25	23	76	40	3	
24	24	75	42	3	
24	25	80	39	3	
25	26	79	35	3	
30	26	76	36	3	
32	27	77	39	3	
32	31	78	34	3	
32	29	80	36	3	
34	31	80	42	3	
30	30	88	47	3	
31	32	92	43	3	
34	32	88	46	3	
31	29	81	42	3	
30	27	84	40	3	
29	28	88	43	3	
31	29	86	42	3	
31	32	83	40	3	
31	31	86	43	3	
28	29	88	42	3	
29	29	91	38	3	
26	28	89	36	3	
26	28	94	39	3	
28	29	95	35	3	
29	31	100	38	3	
24	29	102	36	3	
29	31	106	34	3	
29	31	103	35	3	
32	30	102	34	3	
37	30	96	34	3	
38	28	101	39	3	
40	27	106	40	3	
40	28	105	49	3	
44	29	111	45	3	
45	29	112	48	3	
40	32	107	46	3	
41	30	108	53	3	
38	29	106	54	3	
37	26	108	63	3	
41	26	100	65	3	
39	25	94	67	0	
39	25	98	66	0	
42	27	100	65	3	
45	25	99	70	0	
46	27	97	72	0	
52	24	90	80	0	
47	23	93	84	0	
50	24	97	90	0	
53	23	90	95	0	
51	18	87	102	0	
53	25	89	107	0	
55	28	99	112	0	
57	29	110	107	0	
56	31	118	114	0	
62	29	114	125	0	
57	31	118	118	0	
57	37	117	120	0	
58	37	122	129	0	
57	34	120	132	0	
52	34	117	142	0	
52	31	117	150	0	
55	35	113	147	0	
45	33	121	147	0	
46	30	128	153	0	
52	32	120	160	0	
48	33	109	162	4	
47	32	113	171	4	
47	34	119	174	4	
47	32	134	173	0	
53	36	143	176	0	
54	37	145	168	0	
54	33	145	159	0	
53	32	145	162	0	
48	30	157	160	0	
52	34	169	171	0	
51	33	174	177	0	
50	31	170	183	0	
51	32	165	187	0	
57	29	163	196	0	
53	31	166	195	0	
52	34	170	197	0	
56	32	187	208	0	
46	32	189	204	0	
43	30	181	214	0	
41	27	183	222	0	
45	27	187	213	0	
45	27	180	224	0	
45	26	190	233	0	
46	27	191	236	0	
47	28	200	225	0	
50	24	210	219	0	
51	24	225	218	0	
46	23	224	215	0	
50	24	223	207	0	
49	23	232	217	0	
49	23	233	231	0	
49	28	238	224	0	
48	30	250	232	0	
46	37	254	240	0	
47	36	250	232	0	
51	39	253	239	0	
46	39	252	250	0	
51	40	253	263	0	
52	41	256	269	0	
55	41	264	261	0	
55	48	264	265	0	
58	48	276	258	0	
54	51	283	270	0	
56	46	282	271	0	
54	45	285	269	0	
60	45	289	286	0	
60	43	301	294	0	
57	42	287	308	0	
61	40	294	319	0	
64	42	288	323	0	
64	45	288	309	0	
62	42	298	314	0	
62	41	305	315	0	
56	43	310	320	0	
58	43	322	314	0	
49	43	323	317	0	
55	36	312	327	0	
49	35	311	337	0	
51	31	316	349	0	
50	35	327	354	0	
49	37	330	348	0	
49	43	332	355	0	
49	45	338	368	0	
48	52	347	357	0	
49	57	344	376	0	
50	53	345	378	0	
55	56	334	378	0	
56	53	357	388	0	
56	52	369	388	0	
58	57	373	394	0	
54	61	379	405	0	
52	57	378	405	0	
56	55	380	393	0	
48	50	378	407	0	
45	54	381	404	0	
47	55	391	399	0	
44	52	385	398	0	
48	54	398	408	0	
48	55	399	416	0	
52	57	396	426	0	
53	61	405	429	0	
52	61	395	441	0	
48	59	393	451	0	
44	60	390	449	0	
42	58	380	441	0	
42	52	387	442	0	
43	50	375	441	0	
44	47	401	454	0	
41	47	398	446	0	
43	54	396	454	0	
51	54	416	451	0	
54	55	423	469	0	
52	54	416	473	0	
52	52	422	479	0	
57	52	425	480	0	
56	52	422	474	0	
56	52	417	477	0	
60	55	422	476	0	
61	53	422	484	0	
64	51	427	488	0	
65	53	435	478	0	
63	50	454	487	0	
63	48	456	501	0	
63	45	444	497	0	
66	51	437	510	0	
73	52	433	518	4	
74	51	451	534	4	
75	54	456	532	0	
68	54	465	528	0	
70	53	473	521	0	
72	54	467	526	0	
68	56	460	520	0	
62	61	482	507	0	
57	62	504	500	0	
60	60	506	512	0	
62	61	509	532	0	
69	63	521	530	0	
67	60	528	537	0	
70	58	535	536	0	
72	56	538	550	0	
68	57	550	554	0	
67	56	545	546	0	
70	61	552	544	0	
67	64	555	551	0	
75	69	561	551	0	
75	68	559	568	0	
70	61	578	570	0	
72	63	575	576	0	
70	60	589	567	0	
70	60	605	562	0	
71	64	610	550	0	
72	65	625	560	0	
72	68	644	547	3	
72	69	653	547	3	
68	62	655	559	3	
71	61	642	567	0	
69	57	641	577	0	
77	54	647	579	0	
77	52	664	588	0	
70	54	660	591	0	
67	56	663	588	0	
70	54	655	607	0	
61	57	670	596	0	
65	59	676	613	0	
66	58	695	604	0	
65	52	705	609	3	
73	51	692	635	0	
67	52	712	626	0	
69	51	710	623	0	
64	55	705	628	0	
60	51	702	636	0	
57	46	711	638	0	
55	46	705	642	0	
52	47	700	644	0	
49	45	700	644	0	
50	46	707	648	0	
56	46	689	645	0	
58	43	707	630	0	
57	42	701	640	0	
57	42	716	629	0	
55	48	732	628	3	
56	47	714	620	0	
56	51	732	632	3	
53	53	747	627	3	
56	48	744	627	3	
58	48	758	615	3	
63	54	757	621	3	
61	56	726	629	3	
65	56	722	634	0	
62	53	743	643	3	
61	52	735	640	0	
66	49	747	625	3	
62	50	733	617	3	
64	51	732	616	3	
67	51	729	613	3	
72	48	720	640	0	
72	48	714	646	0	
74	48	719	641	0	
75	50	731	633	3	
72	51	721	630	0	
69	55	727	622	3	
66	49	717	625	0	
62	52	705	630	0	
62	54	702	636	0	
65	57	703	664	0	
66	52	716	658	0	
65	52	707	648	0	
67	54	711	654	0	
69	50	720	672	0	
72	49	686	690	0	
69	47	698	696	0	
63	51	686	679	0	
64	50	677	654	0	
65	47	669	666	0	
62	48	668	673	0	
64	46	680	666	0	
62	45	678	680	0	
69	48	673	699	0	
77	46	694	696	0	
76	49	709	688	0	
75	48	721	686	0	
73	48	701	670	0	
76	44	701	653	0	
75	48	688	651	0	
80	49	701	654	0	
73	49	711	645	0	
68	47	724	660	0	
67	48	714	656	0	
66	51	736	637	3	
63	51	738	639	3	
71	56	734	645	0	
73	57	730	645	0	
77	55	731	642	0	
78	60	740	637	3	
80	65	742	633	3	
83	64	749	630	3	
83	64	781	637	3	
90	65	803	627	3	
95	61	808	631	3	
93	61	825	633	3	
90	59	815	632	3	
91	59	823	629	3	
91	58	818	636	3	
96	54	820	639	3	
101	59	819	626	3	
100	55	811	633	3	
97	50	807	618	3	
97	50	813	603	3	
90	53	812	592	3	
88	53	818	584	3	
92	57	801	578	3	
88	59	805	569	3	
86	56	821	567	3	
86	52	839	565	3	
83	53	846	558	3	
89	54	852	559	3	
88	57	852	558	3	
90	59	846	580	3	
88	62	856	588	3	
90	60	823	606	3	
90	55	818	605	3	
96	49	802	600	3	
105	51	798	584	3	
103	49	788	566	3	
102	47	781	578	3	
107	44	802	588	3	
101	42	799	587	3	
103	36	802	599	3	
109	36	813	611	3	
105	38	818	594	3	
104	43	832	600	3	
101	40	833	602	3	
101	38	840	606	3	
99	37	854	594	3	
101	37	869	591	3	
94	42	862	585	3	
100	45	859	578	3	
105	40	874	581	3	
97	39	870	583	3	
107	40	879	581	3	
107	45	867	571	3	
107	46	865	577	3	
105	51	865	604	3	
105	49	864	581	3	
104	50	863	575	3	
103	45	883	566	3	
100	42	878	554	3	
101	47	877	561	3	
102	49	866	569	3	
97	48	887	566	3	
97	47	900	564	3	
100	48	884	551	3	
98	49	909	559	3	
96	49	929	548	3	
91	50	900	558	3	
84	51	910	552	3	
92	51	903	537	3	
92	50	899	529	3	
94	52	892	533	3	
93	51	901	531	3	
99	52	893	522	3	
99	46	903	541	3	
99	46	917	542	3	
102	51	918	531	3	
93	52	945	528	3	
90	50	964	506	3	
96	55	971	510	3	
98	54	978	519	3	
93	54	960	507	3	
96	49	954	514	3	
97	51	933	516	3	
94	54	925	505	3	
93	57	903	516	3	
90	54	895	527	3	
91	48	915	526	3	
90	47	906	531	3	
101	47	901	526	3	
90	50	889	529	3	
86	53	910	544	3	
87	57	913	541	3	
89	54	914	529	3	
90	61	899	522	3	
90	59	891	528	3	
92	59	908	525	3	
93	58	893	518	3	
92	61	909	495	3	
91	57	920	503	3	
86	59	925	493	3	
88	53	913	498	3	
86	52	903	498	3	
92	53	906	490	3	
86	56	911	483	3	
85	58	898	483	3	
86	56	909	492	3	
80	61	905	495	3	
73	61	910	492	3	
71	61	931	481	3	
78	63	937	473	3	
76	64	947	484	3	
73	64	936	483	3	
70	65	944	479	3	
76	64	969	496	3	
74	64	969	482	3	
77	64	996	488	3	
76	69	985	493	3	
77	71	995	480	3	
76	64	981	470	3	
74	61	987	482	3	
76	53	996	480	3	
70	50	996	464	3	
61	53	986	464	3	
59	51	1003	462	3	
60	53	1003	466	3	
61	53	1004	471	3	
64	51	993	450	3	
68	53	1010	457	3	
73	52	1009	458	3	
72	54	1010	457	3	
74	54	1014	461	3	
80	55	1020	465	3	
75	55	1018	483	3	
80	50	999	474	3	
80	49	1017	463	3	
72	41	1020	462	3	
69	40	1007	457	3	
63	44	992	447	3	
63	49	980	439	3	
64	50	995	435	3	
63	51	1002	450	3	
68	47	990	462	3	
71	45	990	455	3	
64	44	973	443	3	
66	44	1005	454	3	
74	42	993	445	3	
69	42	1016	445	3	
73	43	1018	445	3	
75	46	1012	434	3	
86	42	1007	442	3	
92	45	992	445	3	
94	43	997	440	3	
98	41	999	438	3	
93	41	998	434	3	
87	39	994	440	3	
87	40	968	436	3	
92	39	964	437	3	
95	30	980	459	3	
96	29	989	462	3	
95	25	986	476	3	
101	25	979	487	3	
107	23	975	494	3	
103	21	990	493	3	
101	22	1002	493	3	
105	21	1007	502	3	
107	21	1002	506	3	
105	19	984	508	3	
107	21	991	494	3	
103	21	989	507	3	
103	22	990	499	3	
104	22	1007	485	3	
104	22	991	492	3	
101	28	997	493	3	
101	24	995	491	3	
96	21	1016	503	3	
95	22	1007	509	3	
93	22	991	507	3	
99	21	1008	506	3	
95	22	1004	491	3	
93	26	1018	472	3	
97	26	1036	476	3	
97	29	1021	482	3	
102	32	1038	477	3	
101	31	1046	475	3	
104	30	1036	472	3	
100	35	1033	475	3	
91	34	1031	460	3	
86	33	1048	466	3	
87	33	1070	458	3	
80	35	1047	452	3	
81	33	1058	442	3	
80	34	1057	434	3	
86	36	1046	433	3	
89	36	1044	424	3	
83	39	1052	413	3	
88	33	1063	417	3	
79	32	1054	419	3	
77	34	1057	436	3	
78	31	1053	447	3	
75	30	1054	432	3	
73	30	1063	447	3	
64	30	1064	438	3	
64	36	1064	433	3	
59	32	1068	425	3	
63	32	1049	426	3	
68	32	1065	437	3	
59	32	1064	426	3	
55	33	1069	440	3	
54	35	1065	440	3	
52	33	1052	440	3	
50	34	1060	433	3	
51	35	1067	431	3	
46	38	1049	426	3	
46	40	1061	426	3	
46	38	1064	430	3	
47	35	1048	424	3	
48	34	1035	436	3	
50	38	1041	442	3	
50	34	1061	435	3	
56	34	1085	435	3	
58	36	1083	438	3	
59	31	1069	432	3	
59	32	1073	442	3	
59	40	1084	437	3	
58	41	1104	445	3	
57	42	1104	450	3	
64	43	1113	454	3	
66	46	1096	449	3	
67	46	1080	443	3	
63	44	1092	449	3	
63	43	1066	439	3	
65	42	1080	431	3	
64	42	1074	428	3	
63	39	1089	441	3	
63	41	1088	446	3	
59	43	1088	431	3	
55	44	1094	436	3	
58	41	1106	438	3	
63	35	1122	429	3	
66	36	1134	424	3	
62	38	1141	424	3	
63	44	1150	409	3	
67	44	1164	401	3	
69	43	1151	386	3	
66	44	1139	374	3	
67	49	1115	389	3	
72	42	1095	385	3	
72	41	1094	365	3	
70	42	1096	365	3	
67	41	1081	360	3	
73	37	1106	356	3	
72	37	1095	358	3	
74	41	1083	366	3	
76	47	1090	369	3	
77	44	1089	374	3	
69	45	1081	374	3	
78	43	1083	371	3	
83	41	1097	383	3	
78	43	1103	378	3	
74	42	1105	392	3	
74	50	1131	402	3	
72	46	1138	398	3	
70	51	1152	396	3	
75	53	1125	402	3	
79	46	1119	394	3	
76	42	1135	400	3	
75	43	1114	390	3	
77	40	1115	388	3	
80	39	1123	391	3	
78	38	1133	384	3	
78	37	1151	386	3	
81	36	1130	381	3	
78	34	1122	377	3	
73	39	1142	375	3	
72	39	1150	373	3	
76	36	1105	371	3	
69	39	1105	373	3	
67	45	1110	358	3	
68	46	1140	373	3	
65	47	1147	390	3	
67	49	1147	380	3	
65	44	1149	391	3	
65	41	1152	391	3	
63	43	1164	377	3	
64	48	1158	380	3	
65	49	1170	379	3	
64	44	1173	375	3	
67	49	1181	358	3	
59	46	1171	358	3	
63	46	1176	357	3	
59	42	1197	362	3	
52	37	1193	351	3	
57	38	1205	356	3	
58	35	1207	358	3	
52	29	1219	361	3	
53	32	1194	349	3	
56	31	1187	340	3	
59	33	1167	334	3	
61	30	1180	322	3	
62	26	1194	333	3	
60	27	1214	321	3	
57	26	1214	322	3	
57	24	1192	332	3	
61	25	1196	334	3	
66	27	1206	320	3	
59	27	1190	315	3	
62	24	1213	321	3	
59	26	1194	317	3	
62	28	1200	329	3	
63	23	1196	324	3	
70	25	1206	318	3	
68	22	1196	307	3	
68	23	1185	304	3	
66	21	1189	317	3	
64	23	1184	333	3	
69	26	1180	338	3	
70	26	1162	346	3	
67	25	1146	353	3	
73	23	1174	349	3	
74	23	1168	346	3	
77	25	1193	342	3	
82	23	1195	345	3	
83	18	1171	340	3	
81	18	1166	345	3	
80	17	1172	330	3	
72	13	1169	332	3	
76	13	1142	323	3	
77	9	1125	329	3	
68	8	1125	327	3	
64	8	1131	336	3	
63	8	1108	319	3	
60	11	1125	322	3	
58	10	1098	325	3	
62	10	1113	323	3	
62	8	1106	321	3	
64	7	1108	318	3	
57	7	1122	318	3	
54	6	1108	328	3	
50	6	1120	329	3	
48	6	1121	330	3	
59	5	1126	321	3	
59	5	1138	324	3	
63	4	1150	331	3	
69	4	1151	330	3	
71	5	1115	326	3	
73	5	1127	320	3	
76	5	1101	322	3	
75	6	1125	322	3	
79	7	1109	319	3	
79	7	1123	309	3	
76	9	1129	317	3	
75	10	1143	317	3	
77	10	1154	312	3	
75	7	1149	295	3	
73	6	1151	288	3	
69	10	1151	289	3	
72	5	1168	284	3	
68	6	1148	287	3	
76	7	1135	289	3	
78	6	1151	304	3	
79	6	1142	303	3	
77	5	1148	288	3	
73	3	1151	285	3	
82	3	1182	283	3	
85	2	1187	283	3	
86	3	1208	287	3	
86	2	1219	288	3	
83	3	1232	293	3	
80	3	1238	294	3	
80	5	1225	296	3	
81	5	1239	304	3	
80	5	1224	308	3	
76	5	1205	296	3	
76	5	1211	301	3	
81	9	1225	292	3	
86	10	1190	300	3	
84	8	1205	301	3	
85	10	1197	314	3	
87	8	1194	323	3	
90	8	1178	310	3	
97	9	1173	300	3	
100	10	1187	300	3	
99	10	1152	297	3	
99	12	1175	299	3	
91	15	1175	297	3	
87	14	1157	304	3	
81	11	1157	311	3	
87	9	1177	319	3	
94	9	1183	330	3	
98	9	1193	319	3	
94	9	1197	320	3	
91	11	1175	318	3	
90	10	1187	328	3	
98	11	1196	329	3	
99	10	1205	335	3	
102	10	1194	341	3	
103	10	1223	329	3	
103	12	1227	321	3	
102	13	1231	321	3	
106	13	1249	322	3	
105	12	1251	323	3	
105	10	1232	316	3	
107	11	1221	315	3	
109	12	1218	313	3	
109	12	1224	327	3	
110	15	1207	317	3	
105	13	1214	301	3	
99	14	1215	288	3	
103	15	1245	282	3	
91	16	1242	280	3	
91	13	1233	277	3	
100	10	1233	272	3	
93	13	1202	270	3	
97	14	1233	251	3	
95	16	1226	248	3	
102	17	1242	245	3	
109	18	1258	235	3	
102	20	1277	240	3	
100	19	1265	239	3	
106	20	1261	250	3	
103	23	1225	248	3	
100	20	1227	254	3	
94	17	1205	259	3	
96	13	1215	265	3	
97	12	1214	266	3	
101	10	1229	256	3	
102	10	1230	254	3	
97	11	1256	259	3	
99	12	1258	260	3	
103	12	1252	248	3	
99	13	1240	243	3	
100	15	1227	234	3	
106	17	1214	236	3	
104	18	1213	237	3	
103	17	1214	233	3	
105	16	1183	246	3	
101	18	1167	249	3	
98	17	1184	246	3	
98	16	1187	257	3	
100	17	1211	253	3	
97	16	1228	248	3	
99	18	1242	244	3	
95	17	1217	250	3	
101	20	1206	247	3	
109	20	1195	240	3	
111	20	1184	250	3	
107	21	1200	261	3	
109	21	1212	259	3	
109	19	1215	270	3	
110	16	1180	274	3	
112	19	1183	277	3	
102	18	1177	291	3	
110	17	1169	287	3	
106	18	1163	282	3	
109	18	1164	296	3	
107	19	1152	297	3	
104	20	1142	291	3	
107	20	1135	280	3	
101	20	1155	266	3	
101	19	1173	265	3	
106	17	1169	262	3	
107	14	1164	264	3	
107	16	1162	264	3	
109	17	1187	266	3	
111	21	1190	278	3	
117	22	1199	283	3	
117	23	1201	278	3	
117	25	1221	291	3	
132	25	1182	281	3	
131	27	1162	285	3	
132	26	1166	288	3	
132	27	1166	279	3	
130	28	1178	275	3	
129	25	1164	278	3	
125	24	1179	268	3	
118	25	1191	265	3	
120	26	1215	267	3	
119	20	1220	261	3	
116	21	1209	251	3	
118	22	1230	258	3	
113	23	1220	257	3	
119	25	1197	261	3	
122	28	1183	275	3	
117	27	1201	281	3	
118	27	1188	282	3	
121	24	1191	269	3	
125	23	1184	267	3	
121	26	1189	261	3	
121	20	1182	265	3	
114	21	1177	255	3	
111	22	1177	247	3	
114	23	1196	236	3	
116	22	1180	246	3	
116	21	1154	260	3	
123	15	1160	248	3	
123	16	1157	250	3	
125	18	1130	246	3	
130	19	1129	246	3	
128	20	1144	252	3	
137	21	1154	246	3	
133	20	1182	240	3	
126	21	1176	232	3	
132	19	1189	237	3	
136	19	1176	240	3	
149	17	1166	237	3	
149	19	1140	239	3	
145	19	1110	237	3	
144	21	1096	242	3	
139	22	1081	243	3	
137	21	1096	248	3	
136	22	1102	246	3	
133	23	1115	243	3	
136	22	1133	241	3	
141	22	1127	234	3	
131	25	1134	238	3	
132	25	1119	236	3	
127	25	1147	250	3	
130	28	1144	252	3	
128	28	1159	252	3	
128	28	1166	241	3	
126	29	1159	233	3	
132	30	1137	241	3	
142	31	1139	252	3	
135	33	1128	240	3	
141	38	1135	243	3	
143	35	1155	245	3	
147	34	1141	242	3	
147	38	1149	247	3	
151	35	1155	254	3	
155	31	1163	260	3	
153	30	1144	256	3	
148	32	1137	238	3	
146	30	1154	229	3	
144	29	1166	233	3	
147	29	1155	232	3	
153	28	1156	229	3	
152	33	1162	220	3	
148	33	1145	225	3	
142	31	1142	213	3	
143	30	1149	205	3	
141	29	1147	207	3	
135	30	1139	203	3	
136	28	1121	195	3	
135	27	1110	192	3	
136	31	1107	191	3	
130	26	1067	190	3	
132	24	1074	192	3	
133	23	1074	194	3	
131	21	1098	198	3	
136	20	1100	198	3	
147	21	1101	204	3	
138	21	1110	203	3	
134	19	1123	207	3	
135	17	1142	197	3	
137	19	1156	192	3	
139	20	1160	187	3	
142	19	1145	185	3	
146	19	1161	187	3	
134	19	1152	184	3	
133	22	1160	171	3	
143	24	1159	163	3	
143	26	1158	170	3	
137	23	1140	169	3	
140	24	1145	169	3	
149	25	1146	174	3	
153	25	1145	163	3	
150	22	1155	158	3	
148	22	1168	147	3	
148	22	1168	147	3	
152	24	1161	144	3	
139	21	1159	146	3	
128	20	1168	142	3	
126	21	1171	146	3	
116	20	1172	147	3	
117	17	1172	150	3	
113	14	1193	145	3	
107	14	1216	139	3	
111	13	1220	135	3	
110	13	1198	127	3	
106	14	1201	140	3	
106	13	1222	156	3	
101	16	1201	152	3	
98	16	1194	151	3	
103	13	1211	156	3	
110	18	1197	154	3	
111	19	1208	151	3	
111	21	1210	157	3	
105	18	1172	159	3	
104	18	1171	156	3	
107	17	1183	160	3	
110	19	1194	162	3	
112	20	1188	166	3	
100	16	1179	168	3	
97	17	1191	178	3	
107	15	1219	183	3	
113	15	1209	181	3	
115	13	1230	187	3	
116	12	1231	186	3	
118	14	1208	189	3	
118	14	1219	178	3	
114	14	1210	178	3	
116	15	1214	175	3	
110	13	1210	172	3	
109	13	1200	172	3	
113	12	1183	170	3	
125	12	1204	170	3	
128	13	1216	176	3	
126	12	1193	181	3	
125	10	1230	183	3	
121	11	1217	190	3	
119	10	1213	188	3	
118	10	1233	178	3	
115	8	1238	177	3	
117	5	1239	178	3	
112	6	1228	165	3	
105	9	1235	160	3	
110	10	1226	157	3	
115	10	1204	166	3	
111	9	1200	161	3	
113	8	1206	166	3	
117	6	1227	165	3	
126	8	1222	162	3	
133	10	1219	161	3	
131	10	1203	166	3	
129	8	1216	165	3	
132	9	1235	165	3	
128	9	1249	168	3	
123	10	1241	176	3	
128	10	1232	175	3	
137	10	1227	167	3	
145	10	1222	157	3	
147	11	1222	159	3	
144	12	1231	162	3	
138	11	1215	166	3	
137	11	1233	156	3	
139	12	1239	139	3	
133	9	1238	142	3	
132	9	1205	142	3	
134	8	1199	136	3	
130	10	1201	142	3	
132	9	1207	137	3	
134	10	1226	142	3	
138	14	1227	138	3	
139	16	1206	136	3	
141	17	1216	136	3	
136	18	1201	142	3	
141	19	1220	145	3	
149	16	1209	145	3	
159	15	1182	142	3	
155	14	1190	137	3	
152	14	1186	127	3	
152	13	1173	124	3	
149	15	1185	131	3	
151	13	1207	122	3	
153	13	1199	123	3	
