0	1	0	0	0	
0	1	1	0	0	
1	1	1	0	0	
2	1	1	0	0	
1	1	1	0	0	
1	1	1	1	0	
2	1	1	2	0	
1	1	2	2	0	
1	2	2	2	0	
1	2	3	4	0	
1	3	2	3	0	
2	3	3	3	0	
3	3	4	3	0	
3	3	4	3	0	
3	4	4	3	0	
3	5	3	3	0	
2	6	3	5	0	
2	6	3	4	0	
3	4	4	4	0	
5	5	4	6	0	
5	4	5	7	0	
5	4	5	8	0	
4	3	4	10	0	
4	5	5	12	0	
4	5	6	13	0	
5	6	7	15	0	
6	7	7	16	0	
6	8	6	17	0	
6	11	5	16	0	
5	10	4	14	0	
8	10	5	15	0	
8	11	6	18	0	
7	11	6	20	0	
7	11	7	21	0	
8	11	6	19	0	
9	13	7	18	0	
9	15	8	14	0	
10	14	8	15	0	
8	14	13	17	0	
8	13	12	13	0	
9	14	15	15	0	
10	16	16	16	0	
11	16	19	17	0	
10	14	20	26	0	
10	16	22	26	0	
9	15	25	29	0	
8	15	23	30	0	
8	20	28	27	0	
7	24	32	28	0	
7	26	36	26	0	
7	27	36	23	0	
6	30	39	28	0	
7	26	40	30	0	
7	23	33	31	0	
6	21	27	34	0	
6	21	28	38	0	
8	22	26	41	0	
7	30	26	42	0	
8	27	27	40	0	
6	26	30	43	0	
7	24	32	49	0	
6	26	34	51	0	
7	27	40	53	0	
7	28	39	54	0	
7	29	40	50	0	
7	28	41	53	0	
9	22	42	56	0	
11	19	43	58	0	
10	16	44	59	0	
10	19	41	60	0	
11	21	42	66	0	
10	22	46	68	0	
10	26	42	69	0	
9	28	41	75	4	
8	34	40	76	4	
8	32	41	74	4	
6	34	41	72	4	
5	36	44	74	4	
5	35	44	71	0	
7	34	39	79	4	
8	31	42	80	4	
9	31	46	83	4	
9	30	54	90	4	
8	29	57	94	4	
8	36	61	99	4	
8	33	58	98	4	
11	31	58	94	4	
12	32	58	99	4	
13	34	54	91	4	
12	34	58	82	0	
11	42	57	86	0	
10	37	56	88	4	
10	40	62	88	0	
11	43	56	96	4	
13	41	61	94	4	
14	45	59	95	4	
18	39	59	99	4	
17	38	61	110	4	
17	43	59	114	4	
17	39	64	110	4	
15	36	64	118	4	
13	38	73	116	4	
15	40	78	114	4	
14	39	77	112	0	
14	36	80	119	4	
14	36	84	127	4	
17	39	85	123	4	
18	41	85	128	4	
20	39	83	135	4	
20	39	89	141	4	
20	42	86	135	4	
20	38	81	140	4	
22	35	88	143	4	
26	33	92	150	4	
24	27	88	147	4	
24	29	86	149	4	
26	28	85	154	4	
31	31	86	154	4	
33	29	87	171	4	
33	32	83	180	4	
36	35	92	177	4	
40	32	89	167	4	
46	33	91	164	4	
48	33	91	166	4	
47	35	90	165	4	
48	35	88	160	4	
52	39	86	158	4	
49	38	88	151	4	
49	45	87	151	4	
53	42	92	148	4	
53	39	94	147	4	
51	41	103	150	4	
55	39	106	160	4	
55	41	107	154	4	
51	40	106	163	4	
50	39	105	177	4	
50	37	110	178	4	
49	36	117	167	4	
54	38	116	176	4	
57	38	121	182	4	
56	40	127	162	0	
52	35	131	165	0	
51	37	129	169	0	
53	37	132	169	0	
53	36	127	174	4	
51	36	133	172	0	
46	34	138	169	0	
49	38	146	175	0	
50	34	154	172	0	
50	35	161	180	0	
49	35	157	196	0	
50	38	153	201	0	
49	33	157	201	0	
51	35	167	208	0	
46	36	174	218	0	
43	36	185	217	0	
46	38	187	224	0	
44	41	192	224	0	
43	43	202	234	0	
41	45	193	240	0	
36	49	196	242	0	
40	50	194	234	0	
43	49	198	243	0	
46	46	197	241	0	
46	44	204	241	0	
47	47	208	247	0	
47	53	205	253	0	
43	50	210	259	0	
48	49	216	279	4	
49	46	212	268	0	
51	47	223	273	0	
46	47	224	270	0	
46	44	233	275	0	
45	47	228	282	0	
47	47	237	277	0	
47	46	239	281	0	
46	51	254	281	0	
42	48	257	274	0	
41	48	268	284	0	
42	50	272	280	0	
43	50	277	278	0	
43	47	284	288	0	
39	46	284	301	0	
45	50	292	321	0	
45	47	287	330	0	
44	48	280	325	0	
45	45	287	326	0	
43	46	303	341	0	
42	47	309	341	0	
43	48	305	337	0	
43	45	326	340	0	
44	42	327	336	0	
44	43	324	338	0	
48	42	324	349	0	
47	43	331	374	0	
47	40	338	376	0	
46	42	341	391	0	
48	44	349	415	0	
48	45	345	412	0	
57	43	340	408	0	
55	44	347	405	0	
58	47	356	404	0	
54	49	369	414	0	
53	50	384	411	0	
52	52	385	409	0	
54	56	385	404	0	
58	56	387	404	0	
56	54	396	417	0	
61	56	405	416	0	
64	58	412	432	0	
61	52	398	439	0	
62	54	406	443	0	
61	57	407	448	0	
57	61	409	437	0	
54	56	406	442	0	
54	58	409	445	0	
55	51	405	429	0	
59	43	419	437	0	
58	50	422	430	0	
61	53	430	430	0	
65	57	446	438	0	
65	54	447	442	0	
61	52	454	445	0	
60	52	457	454	0	
64	49	451	470	0	
67	46	442	474	0	
63	42	450	485	0	
58	40	447	493	0	
51	40	446	498	0	
52	46	446	497	0	
57	49	464	505	0	
57	42	478	503	0	
55	44	472	503	0	
48	46	479	511	0	
45	45	479	514	0	
49	48	472	512	0	
49	46	491	504	0	
50	48	491	521	0	
51	44	487	519	0	
49	46	491	533	0	
51	46	487	520	0	
55	51	498	526	0	
55	50	497	537	0	
61	53	516	536	0	
67	52	514	553	0	
62	55	510	561	0	
59	59	516	568	0	
57	55	524	568	0	
56	56	544	587	0	
55	60	556	592	0	
59	58	562	590	0	
52	62	573	586	0	
48	61	555	588	0	
52	64	550	586	0	
52	63	555	587	0	
49	66	559	576	0	
53	68	557	569	0	
51	66	562	579	0	
51	70	543	573	0	
47	67	540	577	0	
43	67	550	584	0	
41	65	555	609	0	
46	71	533	600	0	
48	73	556	589	0	
45	75	569	600	0	
48	72	568	582	0	
49	69	577	568	0	
48	65	575	561	0	
47	60	583	557	0	
44	58	593	575	0	
48	56	585	577	0	
53	53	577	594	0	
50	55	570	591	0	
47	60	575	600	0	
45	58	568	608	0	
45	54	571	604	0	
49	51	566	601	0	
49	51	570	597	0	
48	51	581	612	0	
45	47	586	596	0	
50	46	598	616	0	
54	43	608	609	0	
53	46	618	617	0	
52	48	621	632	0	
51	52	634	648	0	
52	51	618	641	0	
54	54	644	638	0	
53	53	651	647	0	
49	51	651	638	0	
49	49	657	657	0	
45	48	664	669	0	
43	51	668	665	0	
47	51	663	655	0	
46	54	665	650	0	
48	54	642	648	0	
48	56	636	648	0	
46	57	650	672	0	
43	58	661	669	0	
42	58	658	665	0	
41	55	648	667	0	
40	59	655	665	0	
38	53	661	664	0	
43	57	661	663	0	
40	61	675	651	0	
38	63	660	640	0	
41	60	660	644	0	
47	68	680	644	0	
50	68	681	639	0	
47	71	678	629	0	
47	71	685	660	0	
54	70	689	654	0	
56	76	700	644	0	
51	74	709	632	0	
51	76	722	636	0	
53	78	730	616	3	
50	73	713	631	0	
49	69	712	634	0	
48	67	706	629	0	
47	66	716	629	0	
43	63	718	622	3	
40	62	737	621	3	
42	61	751	593	3	
49	63	752	591	3	
49	64	735	590	3	
49	64	731	593	3	
51	65	743	599	3	
53	62	751	609	3	
52	59	741	614	3	
45	62	743	629	3	
50	62	747	647	3	
54	61	756	643	3	
56	67	779	633	3	
52	67	770	626	3	
46	64	774	640	3	
45	62	773	642	3	
45	63	795	650	3	
47	64	778	612	3	
41	64	790	622	3	
43	60	813	621	3	
44	63	812	631	3	
49	60	816	615	3	
45	57	819	628	3	
47	54	804	640	3	
47	54	795	634	3	
38	57	823	620	3	
36	56	813	623	3	
36	50	811	625	3	
39	46	808	634	3	
38	48	789	629	3	
46	52	798	632	3	
46	47	800	632	3	
46	44	843	638	3	
42	41	870	637	3	
44	44	858	630	3	
46	43	864	627	3	
45	48	868	616	3	
45	46	874	598	3	
43	46	881	601	3	
45	48	908	613	3	
46	51	893	613	3	
45	51	911	608	3	
44	46	905	592	3	
46	50	901	589	3	
41	45	902	585	3	
43	48	874	615	3	
43	58	885	603	3	
45	54	876	598	3	
50	53	865	609	3	
50	53	895	615	3	
44	49	896	624	3	
45	50	917	629	3	
43	49	912	607	3	
45	45	915	619	3	
48	45	910	616	3	
47	42	910	625	3	
50	48	914	635	3	
48	50	909	629	3	
51	53	910	641	3	
55	47	919	640	3	
52	45	893	636	3	
54	42	885	627	3	
53	43	904	624	3	
55	43	887	615	3	
57	39	890	596	3	
49	43	879	606	3	
54	45	910	609	3	
56	45	929	614	3	
56	49	944	595	3	
54	45	956	590	3	
49	47	934	593	3	
47	44	935	581	3	
43	48	945	596	3	
46	45	947	602	3	
49	45	951	608	3	
41	51	945	609	3	
44	50	933	597	3	
45	48	929	616	3	
48	48	935	616	3	
53	50	907	618	3	
57	44	912	611	3	
55	48	884	609	3	
57	50	908	594	3	
58	54	906	577	3	
52	48	906	578	3	
50	49	914	564	3	
51	49	923	560	3	
46	46	927	551	3	
48	43	951	552	3	
49	40	953	561	3	
55	45	947	543	3	
56	46	974	532	3	
57	47	987	546	3	
52	47	977	542	3	
51	42	988	528	3	
52	45	978	528	3	
50	46	948	537	3	
48	42	952	538	3	
50	45	957	547	3	
55	39	971	551	3	
57	39	992	558	3	
52	39	990	559	3	
53	39	991	531	3	
55	36	990	514	3	
55	36	994	511	3	
50	35	1004	525	3	
51	36	1004	522	3	
53	37	1016	538	3	
49	37	1003	540	3	
52	38	1016	544	3	
49	43	1030	544	3	
52	44	1018	546	3	
52	44	1017	551	3	
52	46	1021	548	3	
55	44	1004	542	3	
54	49	1013	536	3	
59	46	1009	535	3	
57	41	1003	544	3	
57	41	1005	548	3	
64	41	998	537	3	
63	39	972	543	3	
59	40	968	533	3	
58	39	965	529	3	
61	37	978	525	3	
56	38	997	513	3	
59	38	1015	502	3	
59	37	1010	509	3	
60	37	1036	526	3	
63	34	1031	527	3	
68	35	1020	518	3	
67	31	1008	515	3	
70	32	1028	513	3	
70	33	1031	522	3	
74	34	1030	512	3	
66	31	1020	514	3	
67	36	1016	516	3	
66	35	1012	526	3	
69	32	1036	495	3	
71	33	1047	483	3	
75	34	1038	491	3	
77	30	1037	489	3	
78	33	1025	479	3	
72	34	1035	476	3	
72	32	1016	472	3	
69	32	992	497	3	
69	34	972	493	3	
72	35	998	494	3	
72	34	1000	476	3	
75	34	996	472	3	
75	32	997	480	3	
77	32	1007	485	3	
78	30	980	489	3	
82	32	972	491	3	
83	34	982	502	3	
87	35	987	525	3	
84	32	1017	521	3	
90	36	992	524	3	
95	35	979	534	3	
95	37	969	533	3	
98	33	973	539	3	
97	33	960	528	3	
94	32	949	524	3	
98	32	945	527	3	
90	32	941	520	3	
92	35	924	512	3	
93	35	936	510	3	
95	31	967	505	3	
94	31	976	510	3	
95	33	976	490	3	
94	36	968	494	3	
94	36	956	479	3	
88	31	976	480	3	
88	31	973	482	3	
89	32	959	482	3	
91	32	964	486	3	
82	32	967	483	3	
87	33	986	485	3	
90	31	973	496	3	
85	32	976	504	3	
78	36	973	485	3	
78	40	980	491	3	
84	44	996	496	3	
76	47	981	485	3	
79	44	975	468	3	
78	43	977	468	3	
73	45	967	469	3	
69	45	945	474	3	
74	44	965	475	3	
75	44	980	459	3	
78	45	969	452	3	
78	43	977	457	3	
78	47	981	456	3	
72	46	991	457	3	
64	49	974	461	3	
65	49	973	464	3	
74	49	971	460	3	
69	50	966	462	3	
71	48	974	449	3	
77	51	987	449	3	
75	50	980	460	3	
81	48	1002	465	3	
80	53	1008	443	3	
82	56	1009	440	3	
86	55	1018	427	3	
82	57	1011	432	3	
88	54	1004	431	3	
94	56	1024	422	3	
93	54	1024	408	3	
90	57	1024	413	3	
87	58	1040	410	3	
88	60	1045	423	3	
89	61	1051	421	3	
84	55	1062	403	3	
83	52	1041	398	3	
76	49	1044	409	3	
70	54	1028	415	3	
71	53	1023	408	3	
72	52	1019	428	3	
66	50	999	437	3	
72	46	1009	432	3	
79	51	1014	428	3	
78	47	1000	432	3	
75	49	1018	428	3	
72	49	1017	426	3	
75	46	1033	423	3	
74	51	1054	427	3	
71	53	1026	432	3	
75	53	1018	419	3	
70	57	1032	401	3	
76	57	1032	400	3	
75	53	1034	392	3	
72	51	1052	404	3	
73	54	1034	411	3	
73	51	1041	404	3	
71	51	1030	390	3	
64	55	1025	392	3	
70	52	1019	386	3	
66	50	1016	378	3	
72	51	987	382	3	
66	52	979	365	3	
66	57	995	364	3	
70	54	1015	369	3	
70	60	1047	367	3	
70	64	1079	364	3	
65	65	1072	361	3	
62	62	1082	367	3	
60	62	1099	371	3	
58	62	1107	359	3	
61	62	1088	357	3	
62	57	1086	358	3	
66	56	1086	354	3	
65	57	1093	359	3	
64	54	1080	355	3	
68	53	1074	349	3	
66	59	1096	356	3	
69	61	1094	343	3	
65	60	1092	349	3	
62	62	1099	348	3	
63	66	1099	357	3	
59	65	1078	351	3	
53	63	1092	355	3	
48	62	1106	366	3	
47	59	1119	363	3	
43	62	1120	341	3	
46	57	1129	350	3	
46	56	1147	359	3	
49	55	1154	371	3	
54	57	1117	367	3	
47	53	1131	365	3	
48	54	1118	362	3	
47	58	1127	365	3	
53	57	1135	367	3	
57	57	1123	358	3	
52	50	1138	342	3	
53	52	1140	345	3	
57	45	1137	337	3	
64	39	1160	338	3	
65	37	1129	334	3	
68	37	1138	325	3	
71	35	1136	331	3	
72	35	1137	335	3	
66	37	1118	315	3	
67	38	1114	315	3	
67	39	1139	320	3	
68	38	1145	333	3	
67	37	1134	334	3	
73	42	1121	335	3	
76	40	1126	332	3	
74	39	1100	332	3	
69	37	1095	319	3	
70	35	1093	330	3	
72	36	1083	330	3	
74	35	1116	329	3	
78	36	1098	327	3	
85	37	1101	333	3	
83	41	1082	334	3	
85	39	1079	334	3	
80	42	1082	346	3	
83	42	1073	341	3	
83	41	1070	341	3	
84	39	1072	340	3	
90	38	1086	341	3	
88	39	1093	353	3	
83	41	1080	364	3	
87	39	1098	351	3	
92	40	1076	339	3	
86	40	1081	345	3	
84	40	1083	354	3	
81	37	1089	353	3	
87	37	1109	353	3	
87	41	1084	357	3	
85	41	1071	345	3	
87	44	1067	336	3	
85	43	1054	335	3	
87	44	1076	320	3	
89	43	1070	316	3	
90	38	1085	318	3	
89	36	1088	314	3	
88	36	1077	310	3	
90	36	1068	296	3	
90	37	1066	294	3	
91	36	1087	296	3	
91	36	1105	308	3	
86	35	1096	305	3	
92	36	1090	296	3	
96	31	1076	284	3	
94	31	1049	292	3	
96	32	1063	294	3	
104	30	1072	288	3	
119	29	1089	286	3	
118	32	1091	281	3	
114	29	1104	278	3	
108	28	1100	282	3	
110	28	1136	283	3	
108	27	1154	284	3	
114	28	1164	279	3	
108	26	1143	286	3	
112	26	1144	276	3	
111	24	1146	277	3	
122	24	1144	282	3	
125	24	1139	285	3	
125	23	1143	285	3	
127	20	1147	290	3	
127	20	1152	284	3	
131	20	1154	281	3	
129	19	1140	278	3	
126	20	1162	266	3	
117	19	1153	257	3	
118	18	1130	250	3	
114	19	1146	249	3	
114	22	1121	246	3	
120	24	1140	238	3	
123	26	1144	251	3	
124	25	1123	254	3	
120	27	1115	256	3	
127	26	1137	250	3	
130	25	1116	235	3	
136	23	1121	237	3	
139	23	1128	230	3	
135	19	1129	234	3	
134	18	1120	243	3	
131	18	1120	245	3	
123	18	1114	243	3	
125	16	1135	241	3	
125	13	1154	248	3	
141	16	1154	255	3	
141	16	1137	248	3	
137	16	1117	258	3	
135	17	1151	255	3	
123	16	1119	250	3	
131	14	1129	254	3	
125	14	1129	261	3	
128	13	1131	264	3	
121	10	1126	272	3	
125	10	1156	269	3	
129	11	1141	263	3	
126	11	1143	255	3	
122	12	1136	259	3	
133	14	1119	254	3	
127	16	1144	258	3	
130	15	1150	256	3	
136	15	1153	259	3	
137	14	1129	267	3	
140	14	1101	264	3	
141	13	1117	265	3	
131	12	1117	264	3	
121	12	1129	265	3	
129	11	1135	271	3	
122	12	1127	274	3	
119	13	1110	270	3	
120	13	1114	269	3	
120	13	1109	272	3	
126	11	1113	269	3	
128	14	1091	267	3	
127	18	1062	268	3	
123	18	1055	270	3	
121	17	1038	271	3	
123	17	1039	263	3	
123	15	1054	259	3	
124	10	1058	254	3	
125	10	1069	245	3	
118	12	1062	257	3	
122	13	1080	258	3	
116	13	1081	257	3	
116	13	1075	251	3	
116	12	1084	247	3	
119	15	1074	251	3	
117	15	1071	248	3	
123	18	1071	243	3	
131	16	1078	250	3	
133	17	1065	254	3	
124	17	1045	243	3	
127	15	1043	235	3	
133	15	1047	234	3	
134	15	1047	234	3	
133	21	1054	236	3	
137	20	1076	237	3	
144	20	1088	238	3	
149	23	1105	243	3	
156	24	1104	240	3	
163	24	1102	246	3	
162	23	1098	241	3	
157	26	1089	243	3	
158	26	1075	228	3	
159	26	1071	225	3	
161	27	1057	230	3	
158	27	1093	228	3	
157	27	1085	213	3	
162	27	1102	206	3	
172	25	1101	210	3	
161	23	1116	198	3	
163	24	1120	190	3	
158	24	1093	188	3	
157	20	1076	192	3	
154	18	1054	200	3	
152	22	1075	200	3	
158	23	1074	203	3	
167	22	1081	201	3	
160	22	1089	203	3	
162	24	1095	210	3	
162	24	1105	204	3	
157	22	1122	208	3	
153	23	1117	209	3	
150	24	1116	212	3	
144	25	1132	215	3	
139	29	1139	219	3	
139	30	1112	217	3	
136	30	1104	224	3	
146	30	1123	226	3	
134	29	1114	240	3	
128	29	1120	228	3	
140	26	1088	227	3	
146	24	1084	227	3	
141	25	1073	224	3	
134	26	1078	224	3	
141	30	1104	221	3	
143	29	1105	213	3	
145	31	1096	221	3	
140	32	1102	228	3	
139	32	1094	220	3	
135	32	1096	212	3	
134	35	1107	215	3	
128	35	1094	215	3	
129	36	1102	210	3	
128	34	1119	216	3	
126	34	1144	219	3	
126	32	1151	228	3	
119	25	1149	229	3	
125	24	1156	226	3	
118	25	1143	226	3	
127	27	1150	240	3	
127	29	1155	229	3	
128	29	1158	225	3	
136	29	1147	217	3	
137	23	1162	218	3	
146	29	1177	218	3	
141	31	1199	218	3	
138	35	1184	215	3	
139	32	1190	218	3	
143	36	1195	213	3	
138	37	1162	214	3	
130	37	1156	219	3	
129	38	1150	231	3	
138	42	1140	234	3	
137	44	1156	231	3	
134	44	1142	215	3	
131	42	1177	215	3	
137	47	1167	213	3	
132	45	1163	226	3	
136	45	1138	231	3	
139	49	1142	231	3	
140	51	1149	229	3	
135	46	1137	215	3	
130	43	1141	217	3	
131	40	1137	214	3	
128	39	1158	214	3	
128	40	1152	211	3	
122	46	1152	209	3	
120	43	1148	202	3	
131	44	1154	208	3	
135	44	1157	214	3	
127	43	1156	221	3	
133	40	1137	220	3	
139	39	1148	226	3	
132	35	1155	223	3	
135	36	1157	225	3	
139	30	1136	232	3	
125	31	1122	226	3	
128	31	1119	227	3	
133	30	1136	217	3	
129	28	1138	215	3	
129	25	1174	225	3	
133	21	1167	235	3	
140	23	1151	223	3	
134	20	1125	224	3	
142	18	1127	220	3	
149	19	1137	218	3	
149	19	1157	216	3	
155	19	1145	221	3	
159	19	1136	238	3	
149	19	1151	242	3	
143	22	1149	252	3	
135	22	1157	257	3	
138	21	1149	258	3	
138	21	1169	257	3	
137	19	1164	270	3	
137	20	1162	265	3	
144	16	1141	261	3	
144	14	1123	257	3	
150	13	1142	260	3	
139	14	1142	260	3	
141	14	1124	271	3	
138	14	1120	270	3	
146	16	1150	267	3	
144	17	1163	273	3	
142	17	1149	263	3	
142	17	1130	257	3	
145	15	1134	248	3	
150	15	1111	255	3	
147	15	1112	249	3	
153	15	1124	239	3	
155	12	1103	247	3	
159	13	1109	245	3	
148	15	1125	244	3	
145	16	1119	249	3	
146	13	1087	251	3	
140	14	1125	235	3	
142	15	1115	246	3	
142	18	1135	232	3	
145	21	1110	220	3	
139	22	1102	223	3	
150	21	1131	223	3	
145	21	1134	219	3	
144	21	1173	229	3	
145	23	1170	239	3	
150	22	1167	256	3	
147	19	1159	260	3	
152	23	1161	265	3	
149	23	1172	263	3	
158	28	1163	253	3	
151	27	1145	238	3	
156	24	1144	252	3	
160	27	1123	242	3	
153	27	1128	238	3	
161	29	1148	248	3	
167	31	1164	249	3	
170	30	1159	249	3	
161	30	1163	254	3	
170	29	1148	252	3	
175	29	1160	248	3	
178	31	1174	249	3	
177	30	1174	250	3	
183	30	1148	261	3	
175	30	1144	263	3	
179	33	1151	274	3	
177	29	1129	262	3	
181	29	1121	258	3	
178	30	1128	248	3	
173	29	1138	234	3	
172	31	1100	236	3	
170	30	1088	250	3	
171	31	1094	245	3	
157	31	1098	238	3	
150	32	1111	231	3	
156	33	1120	236	3	
154	33	1097	238	3	
148	28	1129	231	3	
148	28	1102	215	3	
158	26	1084	225	3	
166	25	1095	225	3	
166	26	1093	226	3	
154	25	1112	221	3	
149	29	1130	216	3	
141	33	1123	221	3	
146	32	1113	221	3	
143	30	1130	217	3	
146	29	1146	219	3	
145	26	1143	220	3	
141	27	1122	221	3	
141	27	1105	227	3	
134	28	1088	227	3	
139	31	1081	223	3	
142	30	1096	226	3	
138	33	1095	226	3	
133	32	1106	222	3	
136	31	1094	220	3	
142	32	1115	222	3	
137	34	1132	215	3	
140	32	1131	212	3	
136	34	1134	203	3	
144	36	1147	197	3	
141	38	1149	199	3	
144	40	1182	202	3	
139	37	1153	190	3	
141	41	1142	179	3	
137	41	1154	174	3	
137	41	1178	176	3	
138	37	1191	173	3	
139	35	1184	174	3	
143	34	1178	185	3	
146	33	1188	183	3	
142	34	1202	187	3	
134	32	1208	191	3	
136	32	1194	199	3	
134	32	1177	193	3	
129	33	1193	193	3	
128	34	1161	198	3	
127	32	1200	210	3	
129	35	1201	220	3	
128	36	1216	221	3	
126	35	1222	228	3	
128	37	1210	223	3	
133	39	1198	222	3	
135	37	1199	218	3	
136	41	1194	212	3	
136	43	1177	221	3	
139	44	1195	221	3	
143	44	1182	207	3	
139	43	1172	205	3	
141	41	1192	196	3	
133	39	1170	187	3	
138	37	1193	187	3	
135	38	1198	179	3	
127	36	1193	177	3	
118	38	1194	171	3	
117	37	1185	174	3	
113	37	1182	182	3	
109	34	1188	175	3	
108	34	1177	174	3	
113	35	1196	166	3	
113	34	1219	161	3	
110	36	1218	162	3	
108	34	1252	163	3	
112	34	1246	168	3	
107	33	1226	177	3	
110	33	1228	176	3	
110	33	1241	179	3	
106	34	1230	190	3	
109	33	1237	182	3	
107	29	1237	189	3	
103	28	1260	181	3	
100	28	1251	190	3	
99	27	1267	190	3	
101	29	1266	178	3	
104	28	1276	178	3	
105	26	1264	176	3	
108	26	1233	169	3	
106	26	1218	168	3	
106	26	1237	180	3	
97	26	1234	186	3	
97	27	1221	177	3	
93	25	1196	175	3	
94	30	1194	180	3	
94	27	1229	182	3	
100	26	1198	185	3	
103	26	1186	190	3	
99	29	1168	189	3	
101	30	1159	187	3	
98	33	1149	187	3	
103	31	1187	192	3	
105	30	1192	196	3	
