0	1	0	0	0	
1	1	0	0	0	
1	1	1	0	0	
2	1	1	0	0	
3	1	3	0	0	
2	1	3	1	0	
2	1	3	1	0	
2	1	4	1	0	
2	2	3	1	0	
2	2	3	1	0	
2	2	3	2	0	
2	2	4	4	0	
2	3	4	4	0	
3	3	6	4	0	
3	3	6	4	0	
2	3	8	6	0	
1	3	9	7	0	
3	3	10	9	0	
3	3	11	11	0	
4	3	11	13	0	
4	3	10	14	0	
3	3	13	16	0	
2	5	12	13	0	
1	6	13	13	0	
2	7	13	17	0	
2	7	14	21	0	
1	8	14	19	0	
1	8	13	18	0	
1	9	11	18	0	
1	9	13	18	0	
1	10	14	23	0	
1	11	17	23	0	
1	12	20	24	0	
1	11	21	28	0	
1	12	22	31	0	
2	15	25	31	0	
2	16	23	35	0	
3	15	23	29	0	
1	13	24	34	0	
2	15	25	36	0	
2	15	29	39	0	
1	15	29	38	0	
1	18	32	34	0	
2	20	31	30	0	
2	23	30	36	0	
2	26	33	31	0	
3	25	31	35	0	
2	25	31	32	0	
2	25	34	26	0	
3	24	42	29	0	
3	27	45	27	0	
4	28	47	26	0	
3	29	48	25	0	
4	30	51	23	0	
3	31	53	21	0	
4	27	58	18	3	
6	27	60	19	3	
8	25	61	21	3	
8	27	61	20	3	
11	25	60	18	3	
11	27	60	21	3	
9	27	67	26	3	
7	29	62	22	3	
8	27	63	21	3	
9	26	63	22	3	
10	28	69	26	3	
8	29	70	25	3	
6	23	71	27	3	
7	25	76	28	3	
9	22	78	27	3	
9	21	87	27	3	
10	20	90	26	3	
7	20	90	29	3	
9	24	83	29	3	
9	25	77	28	3	
9	25	80	26	3	
11	26	81	29	3	
11	26	78	38	3	
14	23	81	38	3	
13	29	86	41	3	
10	35	89	44	3	
8	33	93	46	3	
9	32	98	49	3	
9	28	105	55	3	
10	29	107	53	3	
11	24	111	55	3	
11	24	113	57	3	
8	24	110	62	3	
8	21	115	64	3	
7	20	116	64	3	
9	24	124	63	3	
10	26	119	69	3	
12	24	126	67	3	
13	24	125	73	3	
13	24	128	80	3	
16	22	131	80	3	
17	26	125	99	0	
18	27	129	100	0	
18	27	122	107	0	
21	28	131	110	0	
22	25	134	116	0	
22	26	138	120	0	
25	29	143	117	0	
26	29	150	122	0	
24	30	146	132	0	
22	26	153	137	0	
20	29	161	141	0	
23	23	168	149	0	
23	27	169	147	0	
25	27	170	151	0	
27	30	161	153	0	
29	35	166	159	0	
25	38	175	158	0	
21	42	176	173	0	
25	43	182	181	0	
28	47	177	189	0	
25	49	184	181	0	
25	47	185	193	0	
26	46	187	195	0	
23	53	182	193	0	
21	60	188	197	0	
18	59	197	209	0	
17	61	200	204	0	
17	59	206	202	0	
18	61	208	213	0	
20	67	203	219	0	
22	64	214	228	0	
20	65	217	227	0	
21	72	221	226	0	
19	76	234	224	0	
21	73	229	218	0	
24	75	233	221	0	
24	76	232	229	0	
23	76	236	233	0	
24	72	226	232	0	
23	79	240	243	0	
25	72	234	253	0	
24	73	225	247	0	
23	69	232	247	0	
23	66	232	260	0	
21	71	236	268	0	
20	79	239	256	0	
18	80	224	267	0	
20	81	240	276	0	
24	87	251	268	0	
26	87	263	273	0	
29	92	269	274	0	
34	92	266	280	0	
32	86	267	272	0	
30	91	274	277	0	
31	91	280	288	0	
33	97	285	306	0	
33	100	281	311	0	
31	95	278	326	0	
31	100	272	325	0	
32	108	267	332	4	
33	113	282	340	0	
32	114	283	344	0	
30	110	287	356	4	
30	107	280	357	4	
28	114	273	356	4	
29	118	270	349	4	
28	114	270	360	4	
32	118	297	354	0	
35	114	296	353	0	
31	115	301	360	0	
31	112	312	355	0	
36	114	328	353	0	
32	117	323	347	0	
39	118	334	349	0	
34	105	335	367	0	
38	98	344	371	0	
36	90	351	373	0	
38	98	359	374	0	
38	101	364	389	0	
39	109	386	391	0	
41	115	381	394	0	
43	118	392	385	0	
42	123	381	394	0	
45	120	384	393	0	
49	128	380	390	0	
53	136	384	400	0	
56	135	394	400	0	
62	138	394	406	0	
64	141	402	411	0	
67	144	411	412	0	
65	148	415	411	0	
66	149	421	427	0	
71	144	431	428	0	
73	144	444	435	0	
67	143	451	439	0	
67	133	442	432	0	
70	128	451	439	0	
62	129	462	438	0	
57	123	459	444	0	
61	121	461	450	0	
60	119	458	446	0	
62	126	472	443	0	
63	129	498	440	0	
63	127	505	443	0	
61	125	511	442	0	
63	123	503	448	0	
59	123	514	466	0	
55	119	515	479	0	
51	117	506	480	0	
52	118	512	480	0	
52	119	531	484	0	
48	119	544	506	0	
45	127	529	511	0	
48	128	543	524	0	
51	132	532	516	0	
51	134	525	518	0	
55	122	543	517	0	
56	116	537	520	0	
54	115	546	518	0	
54	112	561	508	0	
48	111	557	503	0	
52	117	562	506	0	
50	111	567	509	0	
49	111	567	500	0	
48	106	585	497	3	
44	106	582	497	3	
48	108	586	504	0	
48	106	568	500	0	
45	118	567	505	0	
46	124	571	512	0	
53	127	569	527	0	
46	120	559	534	0	
47	118	581	554	0	
48	122	586	551	0	
46	119	568	550	0	
51	117	569	565	0	
56	111	597	565	0	
52	113	587	547	0	
57	119	590	550	0	
59	115	605	551	0	
57	123	610	549	0	
59	126	631	531	3	
58	123	640	539	3	
59	119	642	526	3	
59	118	644	524	3	
69	116	665	518	3	
65	110	690	510	3	
62	104	670	517	3	
68	107	650	512	3	
71	105	640	514	3	
67	106	629	520	3	
73	106	648	526	3	
76	104	651	525	3	
77	104	655	513	3	
72	114	656	522	3	
72	112	671	527	3	
74	110	695	521	3	
74	109	693	515	3	
73	109	692	505	3	
73	108	696	496	3	
70	104	701	483	3	
77	112	699	481	3	
76	111	694	501	3	
79	111	696	499	3	
82	113	697	491	3	
81	108	697	483	3	
77	108	698	498	3	
74	102	699	496	3	
74	105	702	503	3	
80	106	715	505	3	
86	100	730	501	3	
88	102	734	503	3	
82	103	748	501	3	
83	100	764	509	3	
83	98	783	498	3	
84	97	775	510	3	
80	104	783	504	3	
80	108	789	497	3	
87	104	810	498	3	
89	107	810	489	3	
87	107	787	496	3	
87	108	795	481	3	
90	108	778	483	3	
85	107	761	483	3	
82	105	764	491	3	
82	104	761	499	3	
87	103	757	512	3	
83	99	763	503	3	
77	95	769	505	3	
76	98	771	502	3	
82	100	788	488	3	
76	105	802	497	3	
75	98	800	502	3	
75	98	795	479	3	
78	104	779	493	3	
78	103	789	494	3	
75	98	795	498	3	
81	96	792	488	3	
83	99	793	484	3	
76	97	798	474	3	
70	91	794	491	3	
73	96	809	492	3	
71	103	810	482	3	
70	103	806	472	3	
67	97	806	474	3	
70	100	769	475	3	
65	97	758	464	3	
64	99	765	459	3	
69	101	778	453	3	
69	106	769	455	3	
72	110	769	446	3	
73	109	801	462	3	
73	112	793	457	3	
73	110	777	460	3	
76	108	775	465	3	
80	109	774	466	3	
93	111	763	471	3	
94	110	759	460	3	
96	108	752	463	3	
97	110	763	458	3	
96	107	769	446	3	
90	111	774	449	3	
89	114	796	463	3	
94	107	789	460	3	
93	102	810	454	3	
101	97	798	455	3	
99	97	791	444	3	
95	97	794	441	3	
93	93	788	458	3	
95	96	785	438	3	
94	96	795	452	3	
91	98	782	448	3	
100	98	774	453	3	
101	86	771	454	3	
100	89	786	472	3	
99	84	784	479	3	
91	83	793	479	3	
94	83	791	503	3	
98	80	782	503	3	
99	77	782	495	3	
103	79	792	502	3	
98	83	823	505	3	
96	91	812	486	3	
102	93	816	479	3	
99	93	821	488	3	
103	91	803	478	3	
103	85	813	490	3	
102	85	821	486	3	
99	80	835	478	3	
98	81	860	493	3	
102	81	877	474	3	
97	84	890	475	3	
100	87	891	470	3	
102	83	878	465	3	
105	78	871	469	3	
108	71	872	474	3	
104	71	878	485	3	
99	74	885	504	3	
95	76	885	510	3	
95	73	878	503	3	
96	76	885	498	3	
92	76	889	489	3	
93	74	902	476	3	
96	70	902	457	3	
102	69	890	461	3	
97	69	891	460	3	
100	68	885	459	3	
97	66	883	458	3	
94	67	911	456	3	
87	63	906	444	3	
91	68	900	451	3	
92	70	901	453	3	
86	73	912	432	3	
89	64	915	419	3	
94	66	932	421	3	
97	60	925	416	3	
101	64	940	418	3	
98	63	951	419	3	
98	66	949	440	3	
107	62	954	450	3	
107	63	944	439	3	
100	63	944	439	3	
101	60	929	429	3	
103	56	916	432	3	
100	58	916	435	3	
100	54	918	423	3	
100	47	926	422	3	
101	49	943	430	3	
98	51	936	433	3	
101	45	937	430	3	
105	44	944	442	3	
105	44	952	453	3	
100	42	943	458	3	
104	40	954	460	3	
101	43	956	458	3	
107	42	972	465	3	
106	49	1004	459	3	
102	48	970	461	3	
98	50	972	456	3	
101	47	986	456	3	
104	47	999	465	3	
104	48	988	456	3	
104	51	998	447	3	
100	51	994	457	3	
100	53	1006	446	3	
104	56	1006	443	3	
103	55	1011	437	3	
104	56	1029	443	3	
96	55	1050	441	3	
94	61	1062	433	3	
95	61	1047	451	3	
96	59	1060	454	3	
93	58	1055	439	3	
92	56	1047	440	3	
93	55	1052	440	3	
93	54	1076	438	3	
94	51	1051	440	3	
94	49	1061	439	3	
99	47	1034	431	3	
97	52	1032	423	3	
101	52	1040	418	3	
98	51	1043	409	3	
99	50	1050	419	3	
105	50	1042	423	3	
107	51	1052	419	3	
102	55	1030	421	3	
103	55	1040	425	3	
102	54	1060	423	3	
96	53	1062	422	3	
95	54	1065	429	3	
95	47	1062	436	3	
95	49	1080	425	3	
100	52	1077	413	3	
104	57	1067	401	3	
105	55	1083	410	3	
105	54	1066	408	3	
95	52	1071	401	3	
94	49	1066	407	3	
94	45	1078	419	3	
102	46	1069	398	3	
108	47	1068	394	3	
115	46	1060	394	3	
120	42	1059	401	3	
116	46	1051	392	3	
112	47	1041	387	3	
116	48	1035	385	3	
111	49	1025	377	3	
111	50	1021	384	3	
111	54	1039	379	3	
122	55	1027	376	3	
126	54	1034	377	3	
129	52	1026	378	3	
128	44	1022	381	3	
124	44	1024	388	3	
125	43	1025	385	3	
124	36	1006	387	3	
135	35	1021	393	3	
128	36	1034	398	3	
127	42	1045	398	3	
124	39	1043	401	3	
127	40	1042	395	3	
130	38	1051	386	3	
127	35	1027	375	3	
119	36	1034	370	3	
114	33	1037	374	3	
124	36	1016	373	3	
125	36	1020	376	3	
127	35	1022	366	3	
126	37	1016	368	3	
127	37	1023	366	3	
134	38	1022	364	3	
137	41	999	365	3	
144	41	999	375	3	
149	42	981	381	3	
153	45	982	373	3	
139	42	1006	376	3	
135	43	1014	362	3	
134	45	1011	362	3	
139	47	1026	355	3	
138	41	1027	359	3	
134	40	1021	366	3	
135	39	1026	367	3	
148	42	1039	369	3	
147	38	1047	361	3	
144	40	1060	358	3	
146	37	1072	349	3	
151	39	1081	345	3	
147	36	1066	334	3	
150	39	1076	343	3	
151	39	1069	334	3	
151	41	1063	326	3	
150	39	1095	306	3	
144	37	1088	304	3	
146	39	1084	303	3	
143	41	1092	296	3	
127	42	1091	311	3	
120	41	1105	316	3	
121	45	1102	305	3	
123	48	1081	307	3	
127	46	1091	298	3	
126	53	1067	304	3	
132	54	1050	298	3	
135	56	1051	290	3	
126	62	1047	290	3	
127	55	1062	289	3	
128	49	1043	289	3	
132	52	1059	292	3	
129	49	1066	306	3	
122	48	1071	294	3	
121	49	1088	287	3	
116	54	1067	278	3	
124	53	1078	260	3	
131	53	1098	266	3	
129	53	1085	269	3	
128	57	1085	272	3	
126	60	1053	274	3	
121	61	1042	274	3	
127	65	1030	270	3	
128	67	1046	263	3	
130	66	1046	268	3	
134	65	1049	264	3	
145	64	1055	258	3	
140	66	1053	267	3	
150	66	1058	276	3	
155	69	1036	286	3	
155	73	1018	283	3	
157	73	1004	272	3	
157	76	1016	280	3	
149	78	1013	282	3	
149	74	1022	276	3	
151	74	1028	287	3	
145	74	1029	294	3	
146	70	1015	287	3	
148	81	992	293	3	
144	76	1000	299	3	
146	72	995	308	3	
149	73	1009	319	3	
135	74	1007	311	3	
135	74	1010	311	3	
125	69	1016	319	3	
124	66	1013	317	3	
121	61	1013	309	3	
129	63	1002	311	3	
123	65	1006	317	3	
125	66	1026	326	3	
123	68	1034	308	3	
129	72	1048	303	3	
127	75	1032	296	3	
124	80	1013	298	3	
124	74	1011	293	3	
131	73	1009	284	3	
134	69	1019	298	3	
136	63	1010	286	3	
138	66	1025	293	3	
136	69	1023	300	3	
135	70	1011	299	3	
130	70	1012	293	3	
138	68	1023	290	3	
144	66	1005	292	3	
142	58	1015	297	3	
134	56	1007	303	3	
130	57	1024	293	3	
132	58	1035	294	3	
132	52	1056	300	3	
130	53	1062	300	3	
123	51	1076	303	3	
123	51	1089	313	3	
124	54	1075	324	3	
132	51	1093	319	3	
127	53	1075	315	3	
128	52	1074	315	3	
128	49	1080	314	3	
134	48	1074	318	3	
136	53	1069	320	3	
135	61	1060	335	3	
135	61	1057	316	3	
135	57	1082	314	3	
138	62	1081	325	3	
139	63	1082	338	3	
129	66	1080	346	3	
119	66	1082	343	3	
117	64	1078	343	3	
121	65	1056	339	3	
127	62	1068	338	3	
117	65	1065	343	3	
113	69	1061	338	3	
108	66	1062	338	3	
111	72	1045	338	3	
107	70	1077	347	3	
108	69	1094	351	3	
102	66	1088	345	3	
102	65	1092	346	3	
109	56	1089	337	3	
102	57	1096	338	3	
101	59	1081	343	3	
99	60	1057	349	3	
101	60	1052	344	3	
101	63	1019	339	3	
106	66	1039	338	3	
107	69	1041	343	3	
115	68	1052	338	3	
114	64	1043	340	3	
120	64	1020	333	3	
120	61	1043	334	3	
113	56	1057	335	3	
123	60	1075	336	3	
117	53	1107	330	3	
123	50	1124	337	3	
124	48	1113	334	3	
121	49	1124	333	3	
111	49	1099	331	3	
118	49	1081	332	3	
117	49	1102	332	3	
111	48	1091	337	3	
112	45	1096	322	3	
114	48	1082	329	3	
115	47	1077	331	3	
113	50	1085	331	3	
113	50	1076	326	3	
116	49	1081	320	3	
114	56	1095	314	3	
114	52	1108	304	3	
110	47	1110	299	3	
104	46	1112	295	3	
107	47	1090	301	3	
108	46	1106	299	3	
108	42	1113	298	3	
109	44	1112	300	3	
103	44	1095	290	3	
103	44	1103	292	3	
105	42	1133	284	3	
110	46	1130	285	3	
112	43	1104	276	3	
113	41	1085	268	3	
110	38	1102	265	3	
106	40	1079	249	3	
102	40	1076	250	3	
101	41	1085	258	3	
101	42	1081	258	3	
99	50	1076	257	3	
106	50	1068	259	3	
101	55	1089	260	3	
100	59	1088	254	3	
107	52	1084	256	3	
115	54	1097	245	3	
123	49	1116	242	3	
115	47	1104	254	3	
113	50	1108	262	3	
113	49	1133	253	3	
114	53	1143	245	3	
114	52	1136	246	3	
114	53	1131	249	3	
121	50	1130	253	3	
131	51	1132	251	3	
138	46	1110	241	3	
147	48	1109	231	3	
140	49	1100	231	3	
136	51	1102	229	3	
133	48	1112	225	3	
141	45	1092	228	3	
137	44	1104	225	3	
134	46	1092	229	3	
133	45	1100	234	3	
128	47	1089	220	3	
127	46	1091	225	3	
126	44	1082	239	3	
128	42	1078	234	3	
132	42	1082	231	3	
127	41	1076	236	3	
130	37	1101	247	3	
134	31	1108	247	3	
137	30	1110	247	3	
132	34	1117	245	3	
131	34	1120	248	3	
132	32	1108	237	3	
134	27	1104	242	3	
131	23	1092	237	3	
132	27	1110	241	3	
126	24	1118	242	3	
127	25	1116	243	3	
122	26	1116	240	3	
124	26	1113	246	3	
130	24	1122	242	3	
135	24	1132	248	3	
132	26	1130	250	3	
136	26	1148	250	3	
137	24	1133	254	3	
130	29	1124	256	3	
125	26	1142	249	3	
120	28	1135	250	3	
119	32	1144	236	3	
114	30	1125	234	3	
115	27	1123	238	3	
116	27	1121	240	3	
122	30	1124	243	3	
119	33	1128	233	3	
125	28	1134	233	3	
123	31	1150	238	3	
123	32	1167	238	3	
130	29	1164	243	3	
119	27	1151	239	3	
122	27	1152	245	3	
116	27	1157	248	3	
118	26	1159	255	3	
116	29	1171	260	3	
111	30	1187	274	3	
105	29	1176	269	3	
106	31	1165	267	3	
107	25	1181	268	3	
101	25	1193	269	3	
97	24	1207	260	3	
100	18	1193	251	3	
96	18	1207	260	3	
98	17	1204	266	3	
97	16	1180	262	3	
91	15	1215	249	3	
86	18	1206	244	3	
96	22	1213	241	3	
93	22	1197	240	3	
90	21	1184	233	3	
88	17	1191	237	3	
90	19	1208	239	3	
89	17	1212	240	3	
89	17	1217	239	3	
87	16	1216	238	3	
86	13	1214	238	3	
87	13	1221	238	3	
87	13	1202	225	3	
86	11	1174	228	3	
93	11	1190	233	3	
97	11	1191	236	3	
98	12	1203	243	3	
96	13	1215	241	3	
91	13	1212	249	3	
95	11	1202	236	3	
96	8	1207	230	3	
96	9	1184	231	3	
102	10	1207	238	3	
96	10	1185	233	3	
95	10	1190	237	3	
103	10	1176	231	3	
107	11	1201	236	3	
112	9	1190	240	3	
109	10	1202	246	3	
109	10	1198	249	3	
100	10	1191	258	3	
92	11	1164	261	3	
98	11	1173	269	3	
96	12	1175	274	3	
96	12	1185	275	3	
98	13	1184	272	3	
97	14	1186	276	3	
91	16	1186	277	3	
96	16	1180	278	3	
96	17	1182	274	3	
97	18	1204	276	3	
104	21	1193	274	3	
104	20	1157	270	3	
101	23	1170	279	3	
98	22	1167	270	3	
97	19	1182	265	3	
97	20	1188	268	3	
96	19	1194	255	3	
94	20	1179	257	3	
94	19	1183	269	3	
98	19	1188	265	3	
89	22	1163	251	3	
98	22	1157	259	3	
98	24	1169	262	3	
96	22	1156	249	3	
92	22	1142	243	3	
87	26	1151	241	3	
90	27	1161	240	3	
83	28	1135	239	3	
83	29	1149	245	3	
84	29	1160	253	3	
86	26	1161	257	3	
86	31	1155	259	3	
90	28	1182	239	3	
88	31	1219	230	3	
89	28	1221	229	3	
86	28	1221	225	3	
88	29	1204	222	3	
90	28	1232	216	3	
86	27	1246	220	3	
87	26	1251	219	3	
82	24	1240	217	3	
78	23	1251	225	3	
71	25	1248	212	3	
67	24	1239	209	3	
72	25	1215	212	3	
71	26	1226	220	3	
73	25	1211	221	3	
79	25	1197	218	3	
86	28	1197	225	3	
92	27	1193	217	3	
93	26	1199	217	3	
91	28	1183	214	3	
89	28	1214	210	3	
85	24	1218	215	3	
89	25	1221	218	3	
90	28	1234	222	3	
97	26	1247	220	3	
94	28	1243	217	3	
95	27	1236	216	3	
94	25	1235	219	3	
96	22	1246	209	3	
93	24	1246	215	3	
90	25	1210	216	3	
86	29	1212	214	3	
87	30	1196	209	3	
87	32	1183	217	3	
88	31	1177	216	3	
89	33	1202	218	3	
89	31	1208	231	3	
94	29	1201	230	3	
98	29	1189	232	3	
104	29	1189	230	3	
107	28	1201	228	3	
107	30	1193	225	3	
107	29	1220	225	3	
105	27	1208	223	3	
105	28	1209	222	3	
108	26	1211	210	3	
110	27	1170	215	3	
111	28	1160	213	3	
115	27	1152	219	3	
112	25	1131	214	3	
114	28	1123	209	3	
124	27	1115	197	3	
125	26	1123	203	3	
130	27	1111	209	3	
125	27	1134	213	3	
117	32	1129	218	3	
115	33	1134	207	3	
123	31	1142	202	3	
126	28	1108	213	3	
125	30	1111	206	3	
120	31	1114	205	3	
116	33	1117	210	3	
112	28	1117	208	3	
108	29	1132	209	3	
114	28	1139	212	3	
113	27	1129	204	3	
112	29	1145	198	3	
119	32	1132	200	3	
129	31	1128	203	3	
125	30	1130	208	3	
121	31	1109	203	3	
127	27	1106	206	3	
130	27	1124	218	3	
137	27	1131	221	3	
131	22	1129	221	3	
139	21	1148	229	3	
136	20	1130	235	3	
135	19	1125	233	3	
141	19	1139	222	3	
145	18	1133	222	3	
141	19	1118	225	3	
145	18	1141	213	3	
152	16	1139	216	3	
157	14	1148	224	3	
144	14	1139	225	3	
136	15	1161	230	3	
142	14	1170	229	3	
140	15	1162	228	3	
137	16	1151	218	3	
128	16	1165	215	3	
121	16	1168	214	3	
127	16	1183	208	3	
121	16	1172	209	3	
115	15	1184	205	3	
113	17	1174	204	3	
119	12	1163	199	3	
117	11	1184	208	3	
116	12	1195	213	3	
121	12	1182	213	3	
118	14	1197	211	3	
118	13	1192	209	3	
120	13	1197	201	3	
121	14	1208	209	3	
121	16	1212	205	3	
117	14	1202	206	3	
110	14	1201	211	3	
114	13	1215	206	3	
113	15	1201	194	3	
121	14	1190	184	3	
128	12	1210	190	3	
126	12	1186	193	3	
120	9	1189	184	3	
122	11	1190	187	3	
120	10	1196	187	3	
121	11	1232	195	3	
124	10	1225	191	3	
130	11	1241	197	3	
129	9	1246	204	3	
128	10	1230	205	3	
136	10	1209	196	3	
131	12	1213	197	3	
125	14	1206	198	3	
128	14	1209	197	3	
122	14	1198	195	3	
118	14	1190	202	3	
118	12	1184	201	3	
120	12	1193	197	3	
122	14	1226	192	3	
129	15	1210	183	3	
127	14	1210	187	3	
128	16	1229	188	3	
140	15	1262	192	3	
144	13	1249	196	3	
147	14	1242	209	3	
144	11	1250	207	3	
138	13	1243	209	3	
139	13	1228	199	3	
144	13	1207	203	3	
139	13	1205	199	3	
133	15	1198	201	3	
132	14	1176	203	3	
134	15	1192	204	3	
141	17	1193	204	3	
137	18	1188	200	3	
134	16	1194	202	3	
128	14	1218	208	3	
131	15	1249	201	3	
142	17	1250	203	3	
141	20	1247	200	3	
141	19	1256	190	3	
142	21	1251	188	3	
143	18	1261	178	3	
144	18	1254	174	3	
142	18	1258	164	3	
135	16	1249	163	3	
132	16	1221	168	3	
136	18	1229	167	3	
135	18	1230	166	3	
136	18	1223	176	3	
144	18	1228	177	3	
142	18	1235	187	3	
144	18	1229	194	3	
151	17	1233	185	3	
155	18	1218	184	3	
161	19	1209	183	3	
158	21	1224	178	3	
156	20	1230	177	3	
157	20	1225	180	3	
146	19	1216	168	3	
161	20	1224	161	3	
158	21	1237	158	3	
158	20	1229	156	3	
161	23	1217	153	3	
158	25	1222	153	3	
164	24	1226	160	3	
166	23	1241	167	3	
168	25	1253	169	3	
169	24	1228	170	3	
179	24	1254	162	3	
171	17	1222	164	3	
177	18	1232	159	3	
178	16	1201	150	3	
184	17	1212	151	3	
191	16	1202	154	3	
200	14	1183	156	3	
198	12	1189	153	3	
203	11	1187	151	3	
194	10	1191	145	3	
203	10	1205	147	3	
196	8	1202	141	3	
188	8	1229	146	3	
190	9	1213	143	3	
189	9	1197	149	3	
187	10	1201	152	3	
182	10	1204	148	3	
177	13	1198	148	3	
172	13	1194	148	3	
168	15	1205	159	3	
173	15	1195	166	3	
174	15	1197	170	3	
172	16	1187	171	3	
170	15	1185	167	3	
162	13	1175	168	3	
155	14	1189	163	3	
150	15	1189	167	3	
152	16	1182	167	3	
138	15	1141	176	3	
141	15	1136	176	3	
141	15	1110	183	3	
137	11	1080	186	3	
136	11	1102	179	3	
143	12	1072	180	3	
155	12	1115	177	3	
156	14	1119	176	3	
164	12	1136	169	3	
164	12	1136	166	3	
152	13	1129	173	3	
153	12	1111	177	3	
158	11	1123	167	3	
152	13	1118	162	3	
148	14	1108	164	3	
146	17	1103	174	3	
154	15	1119	166	3	
153	16	1111	174	3	
153	17	1150	173	3	
170	16	1162	173	3	
