0	0	0	1	0	
1	0	0	1	0	
0	0	1	1	0	
0	0	1	1	0	
0	2	1	1	0	
0	2	1	2	0	
0	1	3	2	0	
2	1	4	2	0	
3	1	5	2	0	
3	3	3	2	0	
3	4	3	3	0	
6	5	2	3	0	
6	6	3	3	0	
6	5	7	5	0	
6	5	6	5	0	
4	4	6	4	0	
4	5	7	4	0	
4	7	5	4	0	
6	6	6	4	0	
6	6	7	6	0	
6	5	8	5	0	
5	4	9	5	0	
7	3	10	5	0	
8	3	10	5	0	
9	3	11	3	0	
9	3	11	4	0	
9	4	11	6	0	
10	5	10	7	0	
11	6	11	8	0	
14	9	11	7	0	
14	7	9	8	0	
12	9	9	6	0	
13	9	13	4	0	
15	8	13	5	0	
15	9	15	6	0	
17	10	15	4	0	
17	12	15	4	0	
19	12	17	4	0	
19	11	18	4	0	
19	11	20	6	0	
17	11	19	7	0	
17	9	20	7	0	
16	9	17	7	0	
18	10	13	7	0	
19	13	14	9	0	
21	13	14	10	0	
18	13	15	10	0	
17	10	15	12	0	
17	11	14	13	0	
18	10	16	13	0	
19	10	19	14	0	
17	9	18	16	0	
17	10	23	17	0	
14	11	25	17	0	
18	11	23	18	0	
20	12	22	19	0	
22	12	22	20	0	
23	12	23	19	0	
24	13	25	21	0	
22	15	25	21	0	
22	15	23	20	0	
23	17	26	15	0	
21	23	27	15	0	
19	28	26	16	0	
20	25	30	15	0	
24	24	30	14	0	
26	24	33	16	0	
28	25	35	20	0	
29	22	34	18	0	
27	21	34	22	0	
29	19	32	20	0	
28	17	34	21	0	
23	17	36	22	0	
22	16	32	22	0	
24	15	28	25	0	
22	16	28	25	0	
20	18	29	23	0	
20	19	32	24	0	
15	19	33	28	0	
16	19	30	27	0	
17	19	31	32	0	
18	19	36	32	0	
19	19	41	36	0	
21	21	43	34	0	
21	23	45	36	0	
22	21	43	33	0	
25	19	43	32	0	
26	19	39	35	0	
28	19	32	37	0	
28	18	34	35	0	
30	15	35	37	0	
33	14	35	33	0	
32	14	37	30	0	
33	13	45	26	0	
35	11	48	28	0	
32	12	50	24	0	
31	12	52	26	0	
32	14	52	26	0	
29	17	53	26	3	
32	17	52	27	0	
34	19	54	30	0	
34	16	54	33	0	
30	19	57	37	0	
32	19	58	39	0	
36	22	65	36	3	
37	21	64	37	3	
38	21	65	41	0	
36	21	67	38	3	
37	20	70	41	3	
36	16	76	43	3	
35	19	79	42	3	
36	18	78	46	3	
35	22	81	51	3	
36	20	80	49	3	
38	20	86	53	3	
38	19	85	53	3	
42	23	94	53	3	
41	23	92	50	3	
52	26	84	48	3	
52	23	85	51	3	
52	23	85	54	3	
48	24	83	53	0	
47	22	87	53	3	
53	24	87	54	3	
55	25	90	51	3	
56	28	99	53	3	
61	24	104	52	3	
58	21	119	50	3	
65	21	124	52	3	
64	23	130	47	3	
64	27	135	42	3	
61	27	138	45	3	
63	27	145	47	3	
61	28	160	50	3	
66	31	162	51	3	
65	36	155	52	3	
67	36	161	50	3	
69	33	172	44	3	
73	35	175	47	3	
70	36	178	44	3	
72	43	189	46	3	
72	49	193	51	3	
75	53	196	57	3	
76	49	199	56	3	
73	49	190	53	3	
79	48	197	56	3	
83	47	211	56	3	
79	45	218	52	3	
80	45	217	56	3	
80	46	231	58	3	
77	47	239	59	3	
76	45	243	56	3	
79	44	247	60	3	
78	45	269	61	3	
81	43	264	57	3	
86	42	275	62	3	
83	40	274	65	3	
92	38	274	65	3	
87	42	294	63	3	
87	40	290	65	3	
95	37	298	60	3	
101	36	305	59	3	
101	36	309	57	3	
97	37	316	59	3	
96	39	308	61	3	
95	37	310	61	3	
99	35	317	68	3	
104	43	322	74	3	
109	44	327	77	3	
113	41	330	81	3	
110	43	322	88	3	
122	48	329	89	3	
121	47	340	92	3	
117	46	333	90	3	
113	47	331	99	3	
118	48	350	105	3	
114	51	350	100	3	
115	47	353	100	3	
115	45	356	101	3	
116	47	360	101	3	
120	47	365	105	3	
131	46	359	113	3	
132	48	366	112	3	
135	48	379	113	3	
134	48	367	116	3	
132	50	373	125	3	
125	47	380	123	3	
124	53	389	122	3	
121	50	398	120	3	
119	50	393	128	3	
114	51	399	130	3	
113	54	398	127	3	
110	46	407	133	3	
102	43	402	123	3	
97	41	409	120	3	
95	39	413	114	3	
97	35	416	113	3	
97	33	440	114	3	
99	31	454	120	3	
102	36	470	121	3	
106	34	486	120	3	
114	35	477	124	3	
112	35	471	123	3	
115	34	478	120	3	
116	29	486	124	3	
117	31	497	125	3	
121	26	511	124	3	
122	26	526	129	3	
126	30	527	122	3	
126	33	516	132	3	
123	35	528	129	3	
130	37	536	130	3	
133	38	553	134	3	
138	37	566	141	3	
138	39	581	153	3	
138	39	610	155	3	
131	40	599	163	3	
130	39	598	160	3	
128	41	592	165	3	
131	40	589	166	3	
133	41	592	166	3	
124	37	599	174	3	
124	35	618	173	3	
123	37	608	172	3	
121	37	634	176	3	
126	38	650	167	3	
127	39	661	173	3	
134	40	649	173	3	
133	38	654	174	3	
134	40	670	180	3	
129	37	682	180	3	
130	38	702	176	3	
127	39	700	182	3	
126	38	697	175	3	
117	39	700	175	3	
114	38	701	174	3	
121	38	703	195	3	
127	41	729	197	3	
131	41	734	202	3	
133	41	722	193	3	
130	43	711	187	3	
123	42	706	187	3	
120	42	705	183	3	
119	42	724	190	3	
120	42	722	194	3	
123	39	730	208	3	
122	40	740	214	3	
122	39	715	215	3	
121	42	721	205	3	
122	43	731	207	3	
130	39	746	217	3	
132	41	747	220	3	
129	40	755	223	3	
127	39	729	220	3	
128	44	724	226	3	
126	44	718	231	3	
132	43	732	232	3	
126	45	750	235	3	
132	44	745	243	3	
135	45	760	237	3	
132	40	750	243	3	
128	38	756	243	3	
122	39	763	235	3	
128	41	760	249	3	
124	36	779	255	3	
118	36	790	265	3	
117	40	790	263	3	
119	42	791	252	3	
109	46	800	252	3	
110	48	798	253	3	
111	47	804	261	3	
108	45	794	261	3	
115	47	792	265	3	
116	50	791	255	3	
118	48	806	251	3	
126	46	817	250	3	
136	46	805	263	3	
131	47	804	262	3	
122	53	792	247	3	
121	61	804	247	3	
124	64	783	260	3	
137	64	781	251	3	
139	61	791	256	3	
146	64	782	249	3	
148	66	786	256	3	
151	64	777	266	3	
163	64	776	265	3	
178	68	776	270	3	
179	69	801	284	3	
183	69	798	295	3	
191	73	793	301	3	
177	76	805	298	3	
173	79	785	291	3	
169	77	799	298	3	
157	68	807	282	3	
161	65	801	296	3	
156	64	818	301	3	
162	59	821	306	3	
161	59	833	306	3	
167	64	846	290	3	
164	61	857	290	3	
164	57	846	292	3	
164	59	854	294	3	
168	62	854	306	3	
180	61	865	308	3	
188	61	872	311	3	
185	60	864	317	3	
178	60	863	320	3	
177	60	900	316	3	
177	63	896	326	3	
173	60	896	309	3	
171	59	906	307	3	
171	63	911	302	3	
163	64	911	300	3	
172	57	912	312	3	
170	57	925	315	3	
169	56	916	314	3	
181	52	927	310	3	
177	50	909	313	3	
183	53	900	303	3	
192	47	898	311	3	
197	49	896	309	3	
197	50	906	312	3	
194	49	903	323	3	
195	45	878	342	3	
187	47	884	340	3	
194	46	891	352	3	
202	48	864	352	3	
204	45	864	356	3	
203	47	867	342	3	
208	58	858	336	3	
211	62	866	339	3	
198	62	873	352	3	
202	60	891	353	3	
204	58	860	338	3	
213	58	853	349	3	
208	51	876	357	3	
208	52	881	347	3	
203	54	898	353	3	
211	48	883	362	3	
208	49	911	355	3	
215	49	907	351	3	
214	45	909	346	3	
226	43	902	349	3	
224	43	898	358	3	
227	45	910	362	3	
223	48	918	362	3	
222	48	884	370	3	
218	44	886	363	3	
210	41	888	370	3	
206	43	875	371	3	
200	44	886	373	3	
199	42	902	364	3	
210	43	914	367	3	
210	38	927	365	3	
202	37	936	370	3	
201	38	932	377	3	
195	39	922	380	3	
196	39	941	372	3	
195	43	963	366	3	
202	42	962	374	3	
205	40	945	374	3	
203	42	950	383	3	
195	39	952	386	3	
194	42	965	387	3	
192	42	966	383	3	
192	46	976	384	3	
193	46	972	379	3	
197	41	963	375	3	
200	39	935	359	3	
199	40	923	362	3	
192	37	922	347	3	
195	30	912	356	3	
188	32	918	361	3	
189	34	915	376	3	
190	34	927	375	3	
196	36	915	365	3	
194	35	946	368	3	
195	37	949	361	3	
187	36	957	343	3	
186	37	951	344	3	
186	30	937	340	3	
181	29	926	342	3	
180	26	936	342	3	
176	26	941	343	3	
190	32	948	343	3	
183	29	974	346	3	
185	28	985	352	3	
175	28	994	357	3	
182	27	992	354	3	
172	23	1007	354	3	
167	26	1006	342	3	
169	25	1013	351	3	
173	25	994	340	3	
179	23	993	334	3	
185	21	974	333	3	
189	23	978	331	3	
185	27	1008	331	3	
179	22	997	324	3	
169	20	999	335	3	
164	22	1000	332	3	
167	21	1017	321	3	
170	18	1008	325	3	
164	15	1024	319	3	
155	15	1006	330	3	
150	14	1011	344	3	
140	14	1006	345	3	
146	14	996	333	3	
144	14	1017	326	3	
144	11	1034	322	3	
140	10	1062	322	3	
135	10	1074	336	3	
137	9	1062	330	3	
135	9	1072	341	3	
131	8	1088	324	3	
128	7	1084	318	3	
124	10	1097	315	3	
125	10	1116	329	3	
125	12	1136	334	3	
125	10	1139	333	3	
125	10	1159	325	3	
127	9	1157	345	3	
121	9	1158	341	3	
115	10	1167	331	3	
120	10	1169	329	3	
110	8	1176	325	3	
105	8	1158	332	3	
96	8	1180	336	3	
94	10	1181	331	3	
95	12	1167	326	3	
95	12	1170	321	3	
94	14	1159	324	3	
93	16	1154	324	3	
93	16	1172	323	3	
92	19	1166	311	3	
88	18	1157	302	3	
93	19	1124	291	3	
87	20	1151	303	3	
82	18	1180	298	3	
82	18	1178	303	3	
80	17	1177	308	3	
80	14	1175	309	3	
76	18	1147	298	3	
80	15	1132	301	3	
84	15	1105	285	3	
91	14	1101	290	3	
97	16	1098	292	3	
92	17	1112	307	3	
91	20	1112	312	3	
90	20	1130	302	3	
89	19	1124	308	3	
90	18	1131	302	3	
89	19	1140	309	3	
85	19	1141	314	3	
84	18	1146	322	3	
80	19	1138	319	3	
77	19	1133	304	3	
73	19	1151	310	3	
68	19	1143	305	3	
66	22	1173	292	3	
61	25	1190	282	3	
53	24	1187	290	3	
54	29	1187	290	3	
52	27	1184	271	3	
48	28	1193	284	3	
53	29	1189	287	3	
59	30	1162	288	3	
63	29	1165	290	3	
60	32	1150	292	3	
61	34	1172	287	3	
59	36	1199	288	3	
60	39	1208	291	3	
61	39	1198	281	3	
66	41	1204	284	3	
65	44	1204	282	3	
67	44	1214	290	3	
65	41	1227	290	3	
64	36	1224	280	3	
67	35	1218	291	3	
67	34	1202	287	3	
64	33	1189	290	3	
65	31	1174	286	3	
60	29	1173	294	3	
58	30	1197	293	3	
61	31	1201	290	3	
65	29	1214	283	3	
68	30	1229	278	3	
65	32	1239	281	3	
62	34	1266	283	3	
61	34	1287	287	3	
63	34	1300	283	3	
59	32	1285	280	3	
61	31	1267	267	3	
58	32	1288	274	3	
61	29	1293	271	3	
63	31	1307	278	3	
68	36	1305	281	3	
71	37	1321	274	3	
70	38	1297	271	3	
70	40	1338	273	3	
63	39	1359	267	3	
62	42	1332	266	3	
65	40	1298	270	3	
67	44	1274	266	3	
66	42	1286	266	3	
64	44	1286	265	3	
62	43	1290	262	3	
62	42	1287	259	3	
69	42	1272	249	3	
65	43	1299	242	3	
66	46	1317	240	3	
70	44	1298	236	3	
70	46	1298	235	3	
67	46	1304	233	3	
72	42	1290	229	3	
70	42	1275	225	3	
70	38	1273	217	3	
74	36	1282	219	3	
72	35	1272	231	3	
78	44	1307	219	3	
76	44	1309	205	3	
74	43	1283	203	3	
79	41	1282	200	3	
79	41	1280	197	3	
81	39	1254	194	3	
79	39	1263	201	3	
84	35	1280	206	3	
88	30	1273	200	3	
79	27	1281	204	3	
75	28	1270	199	3	
76	25	1268	199	3	
79	30	1264	204	3	
81	31	1257	203	3	
78	25	1236	217	3	
75	27	1232	221	3	
77	31	1227	236	3	
76	31	1241	242	3	
75	30	1239	247	3	
74	33	1228	245	3	
76	30	1221	237	3	
73	28	1213	243	3	
74	27	1232	248	3	
75	29	1253	246	3	
71	26	1264	247	3	
73	26	1270	250	3	
72	30	1251	247	3	
61	29	1266	242	3	
63	32	1262	249	3	
63	31	1270	246	3	
69	34	1292	248	3	
71	32	1266	244	3	
75	29	1247	242	3	
79	28	1280	240	3	
77	28	1271	224	3	
77	29	1244	221	3	
78	28	1248	220	3	
83	24	1256	220	3	
87	28	1243	228	3	
87	26	1211	231	3	
85	28	1208	232	3	
89	25	1200	242	3	
90	22	1203	246	3	
90	19	1195	260	3	
87	19	1199	255	3	
92	19	1212	256	3	
98	20	1211	258	3	
94	16	1190	252	3	
97	16	1174	253	3	
98	15	1171	266	3	
105	13	1145	260	3	
103	12	1164	260	3	
103	10	1150	262	3	
96	8	1146	265	3	
103	9	1151	274	3	
98	10	1149	274	3	
93	14	1131	267	3	
92	12	1123	264	3	
96	11	1102	258	3	
100	12	1100	251	3	
95	14	1096	258	3	
92	14	1109	247	3	
88	13	1108	247	3	
91	11	1100	246	3	
91	13	1120	248	3	
96	13	1118	236	3	
97	15	1127	238	3	
107	16	1135	238	3	
104	16	1122	231	3	
93	17	1133	236	3	
92	18	1130	237	3	
93	17	1140	236	3	
93	20	1146	238	3	
89	17	1153	235	3	
85	19	1159	237	3	
90	22	1157	240	3	
84	22	1163	235	3	
81	22	1172	236	3	
83	20	1138	234	3	
81	19	1148	226	3	
75	19	1152	228	3	
75	20	1141	224	3	
70	20	1169	221	3	
70	19	1196	225	3	
74	20	1203	227	3	
68	20	1201	226	3	
63	22	1216	227	3	
64	22	1223	233	3	
60	22	1234	238	3	
58	20	1231	228	3	
60	21	1205	234	3	
62	22	1232	237	3	
64	20	1235	239	3	
59	20	1231	229	3	
63	21	1214	237	3	
60	20	1262	228	3	
63	20	1273	229	3	
63	16	1269	226	3	
66	17	1257	235	3	
67	15	1216	248	3	
66	15	1212	249	3	
70	16	1206	247	3	
68	16	1191	247	3	
60	14	1194	248	3	
62	13	1205	241	3	
60	14	1208	237	3	
71	14	1237	231	3	
74	15	1240	231	3	
69	15	1258	231	3	
71	15	1239	239	3	
77	15	1233	236	3	
75	14	1240	239	3	
84	14	1202	246	3	
80	13	1194	241	3	
81	16	1216	235	3	
73	17	1213	243	3	
75	17	1229	237	3	
82	18	1229	230	3	
78	16	1215	231	3	
75	18	1206	221	3	
73	22	1200	222	3	
68	22	1199	213	3	
71	23	1216	217	3	
74	25	1205	207	3	
75	27	1204	204	3	
71	28	1183	210	3	
72	31	1187	205	3	
67	23	1198	208	3	
67	24	1200	199	3	
65	24	1212	205	3	
70	26	1209	204	3	
66	24	1195	208	3	
64	22	1196	206	3	
64	22	1218	206	3	
69	19	1211	212	3	
72	17	1223	210	3	
70	16	1229	215	3	
71	17	1232	214	3	
76	17	1240	214	3	
78	14	1210	219	3	
85	15	1214	221	3	
86	16	1219	218	3	
91	17	1232	219	3	
88	17	1234	219	3	
89	18	1226	226	3	
91	19	1235	221	3	
95	20	1245	221	3	
102	23	1243	223	3	
100	22	1267	224	3	
94	22	1253	217	3	
96	20	1268	208	3	
99	19	1242	212	3	
86	20	1266	206	3	
88	21	1274	203	3	
89	21	1249	190	3	
86	22	1262	194	3	
86	21	1288	185	3	
82	22	1270	192	3	
84	22	1265	192	3	
82	21	1261	181	3	
81	20	1255	178	3	
87	18	1236	181	3	
89	19	1226	180	3	
91	18	1200	172	3	
91	15	1201	187	3	
98	15	1192	187	3	
91	18	1202	187	3	
88	18	1212	184	3	
79	17	1223	198	3	
87	18	1197	194	3	
78	19	1206	199	3	
74	17	1210	209	3	
76	15	1203	216	3	
70	17	1192	203	3	
74	18	1193	198	3	
76	16	1197	193	3	
72	17	1209	199	3	
70	16	1212	204	3	
69	16	1221	205	3	
71	15	1239	205	3	
77	17	1256	203	3	
75	23	1240	200	3	
76	25	1237	201	3	
84	24	1220	196	3	
80	26	1220	199	3	
84	26	1234	199	3	
81	28	1207	205	3	
84	29	1212	205	3	
90	30	1211	203	3	
90	31	1208	208	3	
95	33	1207	217	3	
102	30	1222	207	3	
103	28	1249	212	3	
98	24	1246	207	3	
101	23	1237	210	3	
95	23	1238	212	3	
95	26	1225	207	3	
90	25	1218	204	3	
84	27	1214	200	3	
86	26	1231	196	3	
89	27	1222	188	3	
84	26	1214	188	3	
87	28	1220	193	3	
87	31	1216	188	3	
87	29	1225	193	3	
89	31	1241	195	3	
91	30	1215	187	3	
96	34	1210	184	3	
105	34	1215	182	3	
114	37	1206	184	3	
117	39	1200	185	3	
109	38	1188	182	3	
106	38	1179	178	3	
109	35	1153	173	3	
109	35	1148	175	3	
111	38	1144	165	3	
111	41	1130	178	3	
105	41	1137	184	3	
116	41	1147	181	3	
125	41	1143	185	3	
121	40	1171	181	3	
134	40	1170	180	3	
136	38	1193	182	3	
138	39	1227	197	3	
141	38	1224	200	3	
148	41	1219	198	3	
151	42	1207	197	3	
149	40	1189	197	3	
144	44	1167	194	3	
141	43	1163	194	3	
135	43	1166	200	3	
145	40	1175	191	3	
146	40	1162	186	3	
148	40	1147	189	3	
152	38	1170	186	3	
162	37	1171	200	3	
161	33	1156	194	3	
161	31	1163	186	3	
163	31	1156	193	3	
158	33	1115	194	3	
160	31	1130	197	3	
153	31	1149	194	3	
159	34	1150	203	3	
157	32	1141	209	3	
156	30	1123	203	3	
153	29	1113	207	3	
156	31	1143	209	3	
156	32	1140	209	3	
166	33	1110	213	3	
177	33	1128	221	3	
174	33	1107	228	3	
178	34	1080	240	3	
173	31	1086	246	3	
165	31	1073	237	3	
164	25	1087	229	3	
169	27	1080	214	3	
166	26	1066	212	3	
159	28	1064	214	3	
159	25	1080	218	3	
155	25	1070	214	3	
160	24	1098	209	3	
168	19	1101	212	3	
179	17	1101	211	3	
178	17	1125	206	3	
168	16	1130	209	3	
158	17	1157	208	3	
162	16	1139	198	3	
167	17	1155	194	3	
163	17	1137	198	3	
164	18	1137	193	3	
159	17	1143	194	3	
152	19	1123	187	3	
159	18	1103	188	3	
160	18	1088	183	3	
154	18	1101	185	3	
150	20	1109	189	3	
146	22	1114	184	3	
146	24	1129	169	3	
146	23	1135	183	3	
142	24	1136	195	3	
145	27	1148	190	3	
142	28	1155	181	3	
140	27	1179	179	3	
139	25	1198	181	3	
145	23	1186	176	3	
141	23	1194	171	3	
136	25	1147	171	3	
138	25	1140	154	3	
139	22	1144	155	3	
131	20	1155	152	3	
136	23	1155	155	3	
138	20	1164	147	3	
136	21	1183	154	3	
133	20	1194	155	3	
137	21	1176	156	3	
144	18	1184	161	3	
140	16	1200	162	3	
141	19	1186	157	3	
142	20	1187	159	3	
135	17	1148	158	3	
135	19	1177	147	3	
129	19	1179	150	3	
126	19	1166	150	3	
130	21	1170	145	3	
138	18	1149	142	3	
134	16	1174	143	3	
128	16	1155	143	3	
125	20	1164	137	3	
126	21	1165	136	3	
126	21	1189	137	3	
131	19	1195	142	3	
134	19	1192	142	3	
140	20	1177	143	3	
135	20	1208	147	3	
138	24	1217	148	3	
134	24	1196	148	3	
138	22	1190	145	3	
144	24	1193	140	3	
138	27	1189	147	3	
147	26	1215	149	3	
149	29	1194	150	3	
148	32	1183	149	3	
147	34	1203	143	3	
147	36	1204	144	3	
138	40	1200	148	3	
137	43	1177	148	3	
133	44	1181	155	3	
138	47	1217	153	3	
142	45	1215	151	3	
142	46	1196	156	3	
139	50	1200	153	3	
132	44	1211	148	3	
126	45	1187	145	3	
119	45	1197	132	3	
127	46	1196	130	3	
130	49	1196	124	3	
129	46	1178	125	3	
133	45	1195	125	3	
138	41	1218	124	3	
133	38	1184	122	3	
134	39	1198	125	3	
140	35	1180	124	3	
143	30	1188	119	3	
149	24	1184	118	3	
150	23	1195	124	3	
148	24	1201	127	3	
153	22	1194	125	3	
152	23	1221	127	3	
140	30	1229	127	3	
143	27	1230	125	3	
150	26	1228	122	3	
151	28	1224	121	3	
157	30	1222	120	3	
158	28	1236	118	3	
161	28	1253	119	3	
152	29	1249	125	3	
151	26	1249	117	3	
154	27	1242	121	3	
150	25	1230	118	3	
150	26	1211	117	3	
149	29	1220	119	3	
153	27	1230	115	3	
146	28	1224	116	3	
151	28	1249	120	3	
145	28	1248	117	3	
143	26	1241	121	3	
149	27	1214	131	3	
151	24	1211	131	3	
154	23	1220	137	3	
154	23	1211	127	3	
151	23	1217	127	3	
154	26	1230	124	3	
148	25	1244	125	3	
154	22	1232	120	3	
160	23	1209	122	3	
159	22	1215	116	3	
155	19	1232	112	3	
147	22	1216	113	3	
140	19	1244	114	3	
133	18	1263	109	3	
136	20	1252	103	3	
134	23	1264	103	3	
120	24	1267	97	3	
118	25	1260	107	3	
112	21	1276	99	3	
112	21	1290	96	3	
112	20	1277	97	3	
112	21	1262	105	3	
121	22	1285	113	3	
117	20	1274	114	3	
117	25	1288	107	3	
123	27	1304	116	3	
131	28	1290	120	3	
134	28	1297	119	3	
139	26	1278	119	3	
134	24	1269	124	3	
131	23	1282	125	3	
130	23	1300	128	3	
121	20	1301	126	3	
122	16	1287	123	3	
123	16	1293	128	3	
131	14	1291	121	3	
139	12	1278	121	3	
147	12	1289	120	3	
147	11	1295	118	3	
151	10	1287	120	3	
145	10	1267	120	3	
135	7	1286	109	3	
137	6	1294	110	3	
134	5	1321	115	3	
136	4	1316	119	3	
136	3	1320	123	3	
141	2	1329	122	3	
136	2	1334	122	3	
132	3	1332	131	3	
135	4	1344	126	3	
139	3	1327	126	3	
131	1	1308	129	3	
134	1	1304	130	3	
137	1	1319	133	3	
138	0	1311	134	3	
139	0	1302	130	3	
140	0	1302	132	3	
136	0	1288	129	3	
125	0	1320	132	3	
128	0	1323	134	3	
123	0	1328	135	3	
121	0	1304	132	3	
120	0	1286	136	3	
120	1	1271	128	3	
121	2	1263	129	3	
114	5	1294	130	3	
114	5	1304	129	3	
114	5	1302	133	3	
120	5	1306	133	3	
114	6	1325	135	3	
112	6	1344	136	3	
113	6	1334	133	3	
128	7	1327	136	3	
124	5	1309	134	3	
127	5	1313	135	3	
127	5	1314	131	3	
125	5	1286	126	3	
126	5	1286	126	3	
118	8	1310	118	3	
127	8	1326	119	3	
127	5	1334	129	3	
128	4	1321	121	3	
132	4	1326	126	3	
122	3	1345	133	3	
117	3	1341	129	3	
112	2	1341	128	3	
122	2	1349	129	3	
125	2	1324	128	3	
127	3	1326	127	3	
122	4	1307	126	3	
124	4	1320	127	3	
134	5	1333	128	3	
131	4	1326	120	3	
129	3	1329	111	3	
124	3	1312	108	3	
127	3	1309	107	3	
122	3	1305	105	3	
126	3	1281	106	3	
125	3	1304	99	3	
125	4	1330	101	3	
119	5	1320	100	3	
123	6	1320	101	3	
129	6	1323	98	3	
130	6	1299	104	3	
130	7	1300	106	3	
130	8	1327	107	3	
131	8	1312	108	3	
125	9	1321	106	3	
126	10	1288	96	3	
132	11	1263	91	3	
125	11	1262	90	3	
128	11	1282	86	3	
131	13	1276	85	3	
129	12	1278	83	3	
128	14	1285	92	3	
