1	0	0	0	0	
1	0	0	1	0	
1	0	0	1	0	
2	0	0	1	0	
2	1	0	1	0	
1	1	1	1	0	
2	1	0	0	0	
2	0	0	1	0	
3	0	0	1	0	
4	0	0	1	0	
5	0	0	0	0	
6	0	0	1	0	
7	0	1	1	0	
9	0	1	1	0	
9	1	1	0	0	
9	2	1	0	0	
8	2	2	0	0	
7	4	2	0	0	
10	3	2	1	0	
11	3	3	1	0	
11	3	2	1	0	
12	3	3	2	0	
13	4	2	1	0	
13	4	3	1	0	
13	4	4	2	0	
11	5	4	2	0	
9	6	4	2	0	
11	7	5	2	0	
12	7	5	2	0	
16	7	5	3	0	
16	8	6	3	0	
16	8	7	3	0	
19	8	7	2	0	
17	6	10	3	0	
18	5	11	4	0	
19	4	10	5	0	
20	1	10	5	0	
22	1	10	6	0	
22	0	10	6	0	
22	1	8	7	0	
23	1	10	6	0	
21	2	11	8	0	
23	3	9	9	0	
21	3	10	12	0	
22	3	9	12	0	
22	3	10	14	0	
19	3	11	18	0	
20	3	11	21	0	
20	2	12	23	0	
21	2	14	27	0	
23	2	16	28	0	
25	2	16	32	0	
22	1	17	32	0	
25	1	18	30	0	
24	1	17	34	0	
24	1	18	40	0	
23	2	19	39	0	
25	3	18	41	0	
25	4	17	42	0	
26	4	17	43	0	
28	5	18	45	0	
28	5	18	43	0	
26	5	17	44	0	
22	6	19	41	0	
23	5	18	41	0	
25	4	19	42	0	
27	5	19	43	0	
27	8	24	38	0	
30	11	27	40	0	
32	10	26	40	0	
32	7	31	40	0	
31	8	32	43	0	
31	8	32	46	0	
32	10	36	44	0	
37	8	35	46	0	
37	9	42	50	0	
34	10	51	49	0	
38	10	49	47	0	
35	8	52	49	0	
36	9	51	50	0	
32	8	53	52	0	
34	10	63	57	0	
36	10	67	53	0	
35	9	69	53	0	
38	11	73	52	0	
34	9	77	51	0	
29	9	74	51	0	
33	8	78	46	3	
28	7	75	46	3	
30	8	80	43	3	
32	8	82	49	3	
31	8	78	49	0	
31	8	75	49	0	
32	12	68	49	0	
33	12	71	51	0	
29	12	75	52	0	
30	11	73	58	0	
31	9	72	61	0	
33	8	72	62	0	
33	9	73	59	0	
33	9	74	60	0	
30	11	75	57	0	
27	14	79	63	0	
25	17	84	66	0	
28	16	88	68	0	
29	16	89	61	0	
29	14	94	61	3	
28	12	97	66	0	
25	15	99	67	0	
27	14	101	70	0	
27	14	96	75	0	
27	11	99	71	0	
24	12	99	72	0	
23	14	101	69	0	
25	18	101	63	3	
26	18	102	63	3	
29	18	105	71	0	
28	17	99	70	0	
28	16	97	74	0	
30	17	104	78	0	
30	17	106	76	0	
25	18	105	75	0	
27	19	109	75	0	
28	19	112	75	3	
30	21	112	76	3	
34	23	120	76	3	
32	24	125	81	3	
30	27	122	83	3	
26	29	122	88	0	
26	32	123	94	0	
28	36	129	104	0	
26	34	132	104	0	
25	31	141	93	3	
28	32	141	95	3	
34	37	141	101	0	
32	43	144	95	3	
30	48	150	95	3	
31	43	150	103	3	
29	43	148	99	3	
34	44	155	107	3	
32	49	161	108	3	
34	51	163	112	3	
34	52	163	110	3	
32	54	167	113	3	
34	54	164	115	3	
31	51	170	117	3	
34	52	165	117	3	
38	51	167	119	3	
36	53	176	119	3	
43	55	175	117	3	
41	57	181	125	3	
41	52	182	131	3	
44	52	175	131	0	
47	57	179	136	0	
47	60	195	131	3	
44	61	190	128	3	
42	59	189	133	3	
45	56	189	139	3	
47	56	207	143	3	
45	51	206	147	3	
49	48	214	149	3	
48	49	219	144	3	
50	49	220	142	3	
52	42	218	141	3	
50	44	208	141	3	
53	44	207	156	3	
52	45	210	157	3	
53	45	209	154	3	
52	41	205	158	0	
53	40	197	154	0	
55	38	201	149	3	
58	36	203	156	0	
56	37	207	154	3	
59	33	210	174	0	
62	33	220	169	3	
61	32	226	175	0	
58	34	218	186	0	
56	38	216	197	0	
56	39	222	203	0	
56	43	233	207	0	
60	46	233	210	0	
57	52	245	198	0	
50	52	249	208	0	
53	58	253	205	0	
53	54	252	215	0	
50	51	255	213	0	
59	51	258	204	0	
57	50	267	202	3	
59	50	259	210	0	
63	49	258	211	0	
62	48	263	209	0	
63	44	253	214	0	
67	47	256	222	0	
72	50	265	223	0	
67	49	280	227	0	
65	51	297	239	0	
69	49	304	238	3	
67	50	298	241	0	
67	51	295	245	0	
67	51	290	258	0	
73	48	293	256	0	
71	49	294	252	0	
72	49	294	257	0	
72	51	289	249	0	
68	52	287	252	0	
65	49	294	263	0	
60	51	295	259	0	
61	53	293	253	0	
63	53	294	257	0	
74	56	292	270	0	
75	58	273	276	0	
78	60	274	275	0	
84	62	277	270	0	
84	65	280	273	0	
83	67	292	283	0	
86	63	304	290	0	
85	65	309	295	0	
88	65	313	296	0	
94	67	314	307	0	
89	64	314	316	0	
86	65	327	317	0	
86	60	313	330	0	
86	61	322	321	0	
80	63	315	313	0	
85	60	324	316	0	
83	60	334	322	0	
90	60	352	320	0	
94	59	353	312	0	
102	63	352	323	0	
102	63	361	337	0	
101	61	356	322	0	
102	61	363	316	0	
103	63	358	327	0	
107	61	358	325	0	
116	65	376	310	0	
119	59	372	310	0	
121	60	381	301	3	
116	61	386	301	3	
119	59	393	305	3	
122	61	388	324	0	
124	71	413	330	3	
121	66	418	334	3	
120	76	409	328	3	
119	74	413	336	3	
121	78	412	328	3	
118	79	402	333	0	
130	70	401	343	0	
125	74	410	340	0	
128	73	417	343	3	
127	73	401	334	0	
128	74	398	330	0	
122	75	404	337	0	
125	78	400	327	3	
123	78	386	324	0	
127	73	390	328	0	
126	67	404	320	3	
122	68	419	327	3	
121	70	435	323	3	
118	69	460	326	3	
117	64	457	321	3	
118	68	465	316	3	
115	76	473	333	3	
110	77	485	349	3	
111	78	479	354	3	
110	81	474	370	3	
113	83	476	367	3	
112	82	465	368	3	
103	75	466	357	3	
100	79	465	371	3	
103	79	447	368	3	
107	77	444	372	0	
108	75	443	381	0	
110	71	453	372	3	
102	73	448	362	3	
106	77	459	366	3	
109	80	464	384	3	
113	80	473	391	3	
116	81	477	393	3	
112	84	470	386	3	
116	81	497	387	3	
117	87	514	376	3	
116	91	525	391	3	
113	93	505	396	3	
108	91	490	381	3	
115	90	509	389	3	
119	90	522	391	3	
117	82	528	394	3	
110	80	532	395	3	
104	84	532	406	3	
99	89	531	412	3	
103	86	543	424	3	
109	84	530	438	3	
107	81	527	442	3	
108	83	544	444	3	
113	91	526	443	3	
118	89	536	437	3	
121	89	525	424	3	
119	92	517	420	3	
116	89	505	401	3	
114	92	529	404	3	
119	90	524	417	3	
116	95	536	415	3	
119	97	550	407	3	
122	91	576	413	3	
123	86	572	404	3	
122	85	569	416	3	
117	85	576	408	3	
116	85	586	399	3	
113	88	593	409	3	
113	87	609	412	3	
111	89	618	408	3	
109	84	634	414	3	
107	85	647	419	3	
103	84	650	421	3	
93	81	663	430	3	
89	87	675	436	3	
95	89	683	432	3	
93	84	680	433	3	
92	81	686	422	3	
92	86	679	431	3	
93	87	683	438	3	
96	81	674	437	3	
95	79	673	445	3	
99	83	688	457	3	
103	85	692	460	3	
100	87	681	456	3	
102	89	682	438	3	
100	91	700	441	3	
101	94	689	450	3	
101	95	708	440	3	
105	94	714	431	3	
112	89	722	419	3	
113	91	719	419	3	
111	94	722	433	3	
111	94	728	432	3	
113	95	718	423	3	
116	93	717	425	3	
114	87	704	436	3	
118	86	689	427	3	
117	89	683	424	3	
114	91	672	419	3	
115	93	691	417	3	
114	99	694	412	3	
117	95	687	403	3	
114	98	688	415	3	
120	99	687	415	3	
123	98	690	405	3	
127	110	705	411	3	
130	106	699	432	3	
128	98	706	432	3	
128	95	703	430	3	
119	90	721	425	3	
124	90	715	434	3	
127	77	735	437	3	
131	73	741	430	3	
121	75	749	440	3	
122	76	740	450	3	
126	73	735	444	3	
125	68	735	455	3	
122	70	746	455	3	
126	68	772	445	3	
136	72	793	456	3	
139	76	768	464	3	
137	75	771	465	3	
141	78	738	464	3	
140	72	738	460	3	
147	70	733	468	3	
141	70	743	475	3	
136	70	755	463	3	
136	72	764	477	3	
127	71	748	470	3	
127	69	755	453	3	
129	66	761	459	3	
127	66	754	467	3	
132	66	749	467	3	
134	63	751	480	3	
132	67	766	462	3	
133	65	780	469	3	
137	60	790	465	3	
135	56	813	467	3	
131	57	824	457	3	
133	57	810	480	3	
131	55	809	482	3	
131	55	807	485	3	
128	59	810	493	3	
140	63	821	493	3	
145	55	826	483	3	
146	58	845	477	3	
152	59	840	470	3	
151	53	853	462	3	
148	54	843	469	3	
154	56	869	475	3	
153	56	869	471	3	
160	51	888	460	3	
159	52	908	444	3	
155	53	896	449	3	
154	58	892	439	3	
155	62	909	438	3	
156	66	916	440	3	
164	65	920	433	3	
173	65	913	441	3	
168	64	917	435	3	
161	59	929	433	3	
159	59	941	424	3	
157	57	939	415	3	
153	53	934	402	3	
157	59	913	412	3	
162	63	917	409	3	
153	63	912	410	3	
147	60	924	429	3	
146	66	922	426	3	
135	62	929	430	3	
140	57	910	431	3	
142	57	905	430	3	
143	59	903	422	3	
152	58	899	416	3	
151	58	917	416	3	
143	53	918	410	3	
147	58	918	404	3	
144	54	938	397	3	
136	54	950	394	3	
143	54	970	389	3	
143	56	976	393	3	
154	62	974	391	3	
145	64	951	373	3	
139	64	953	372	3	
142	66	961	372	3	
131	72	962	358	3	
132	73	945	369	3	
127	71	956	375	3	
137	69	961	362	3	
138	61	954	361	3	
136	62	963	355	3	
144	60	956	351	3	
147	64	964	361	3	
153	60	968	354	3	
156	61	967	355	3	
151	68	958	345	3	
154	67	983	347	3	
154	64	1004	356	3	
158	64	994	360	3	
168	68	989	372	3	
170	64	982	369	3	
163	66	989	376	3	
166	68	977	370	3	
161	68	974	364	3	
163	64	943	371	3	
163	65	963	378	3	
162	63	945	383	3	
164	67	956	390	3	
172	64	932	379	3	
171	63	946	377	3	
172	64	936	374	3	
169	63	954	377	3	
162	60	951	359	3	
162	61	980	355	3	
166	58	977	375	3	
170	55	983	368	3	
172	58	979	376	3	
180	56	967	379	3	
177	55	950	376	3	
172	55	971	386	3	
168	53	980	377	3	
160	54	981	367	3	
165	54	973	377	3	
158	52	972	386	3	
156	55	957	376	3	
151	56	970	370	3	
157	55	985	369	3	
149	61	980	373	3	
145	63	972	384	3	
140	64	981	368	3	
146	64	984	360	3	
150	66	983	362	3	
151	69	999	364	3	
149	67	1003	350	3	
146	63	1024	359	3	
145	65	1012	356	3	
144	65	1023	362	3	
143	70	1008	364	3	
140	74	1004	349	3	
137	76	1021	341	3	
132	73	1021	323	3	
131	68	1021	330	3	
136	72	1006	325	3	
137	77	1023	318	3	
134	77	1030	315	3	
135	77	1013	299	3	
142	77	1006	292	3	
134	81	1019	290	3	
127	77	1044	283	3	
131	79	1051	268	3	
135	78	1069	265	3	
135	81	1067	273	3	
137	79	1054	274	3	
133	86	1056	277	3	
136	84	1081	287	3	
142	81	1083	290	3	
137	79	1053	283	3	
130	74	1036	282	3	
129	76	1043	272	3	
135	79	1062	263	3	
127	74	1045	269	3	
139	76	1043	275	3	
142	69	1060	283	3	
138	65	1074	278	3	
131	69	1062	272	3	
133	69	1077	268	3	
135	69	1083	263	3	
133	62	1085	262	3	
129	62	1106	263	3	
135	60	1102	269	3	
125	56	1106	261	3	
120	58	1095	260	3	
118	60	1084	256	3	
120	64	1069	256	3	
122	64	1069	253	3	
130	69	1072	254	3	
133	71	1080	257	3	
133	67	1085	264	3	
124	72	1074	274	3	
125	73	1086	274	3	
121	66	1082	276	3	
112	67	1102	278	3	
110	64	1096	280	3	
114	65	1115	273	3	
108	60	1107	266	3	
109	64	1114	263	3	
115	64	1098	263	3	
116	58	1093	263	3	
117	54	1093	264	3	
120	58	1108	255	3	
114	53	1107	254	3	
117	50	1126	260	3	
126	52	1115	246	3	
120	50	1095	232	3	
120	46	1104	233	3	
119	48	1108	237	3	
109	48	1117	240	3	
110	46	1108	235	3	
114	47	1109	231	3	
112	52	1085	229	3	
111	54	1062	236	3	
107	58	1082	245	3	
112	55	1076	247	3	
112	56	1074	246	3	
110	54	1088	245	3	
111	52	1102	250	3	
109	51	1087	253	3	
115	56	1084	261	3	
110	62	1098	266	3	
109	63	1075	260	3	
115	59	1063	260	3	
118	60	1082	261	3	
117	56	1072	251	3	
125	51	1077	260	3	
124	49	1092	268	3	
119	46	1088	267	3	
119	46	1090	262	3	
114	48	1096	254	3	
111	48	1080	250	3	
112	47	1075	249	3	
115	49	1081	256	3	
111	49	1092	255	3	
114	43	1111	265	3	
106	40	1122	255	3	
106	36	1097	257	3	
105	38	1118	265	3	
108	38	1103	262	3	
104	41	1116	258	3	
112	38	1114	245	3	
111	41	1105	242	3	
119	38	1125	250	3	
112	37	1139	244	3	
110	38	1145	243	3	
114	39	1152	244	3	
131	40	1159	233	3	
135	41	1141	242	3	
131	39	1140	237	3	
128	35	1128	237	3	
135	36	1119	228	3	
135	34	1139	218	3	
131	39	1147	208	3	
140	37	1174	216	3	
141	36	1178	222	3	
139	37	1164	226	3	
138	36	1170	212	3	
139	31	1155	210	3	
134	30	1151	213	3	
132	29	1140	217	3	
135	26	1131	221	3	
138	24	1130	208	3	
133	19	1148	210	3	
135	17	1153	219	3	
136	14	1175	216	3	
138	14	1191	216	3	
140	16	1208	212	3	
141	18	1232	213	3	
134	17	1258	216	3	
136	15	1230	216	3	
136	14	1200	217	3	
132	15	1186	216	3	
131	15	1169	218	3	
131	16	1179	211	3	
131	17	1186	211	3	
124	17	1181	212	3	
113	17	1193	213	3	
122	15	1169	217	3	
136	14	1156	226	3	
133	15	1164	237	3	
129	16	1174	235	3	
130	15	1175	230	3	
126	16	1172	233	3	
126	18	1176	238	3	
124	19	1187	237	3	
126	16	1169	230	3	
118	20	1174	235	3	
119	22	1143	241	3	
118	22	1129	240	3	
120	21	1103	238	3	
123	19	1128	248	3	
125	20	1121	246	3	
127	23	1104	251	3	
131	20	1095	248	3	
129	19	1123	245	3	
124	18	1129	237	3	
113	19	1119	239	3	
118	20	1110	226	3	
126	17	1116	220	3	
129	15	1139	213	3	
124	16	1137	220	3	
115	18	1152	207	3	
114	17	1152	205	3	
110	15	1164	214	3	
110	17	1174	212	3	
112	17	1167	211	3	
112	16	1172	200	3	
118	16	1166	209	3	
114	15	1158	202	3	
119	13	1167	209	3	
120	12	1160	205	3	
121	11	1190	197	3	
120	13	1183	193	3	
112	12	1195	192	3	
116	13	1213	189	3	
108	16	1209	190	3	
113	16	1187	181	3	
116	17	1207	183	3	
112	18	1207	190	3	
106	16	1199	195	3	
113	12	1216	194	3	
115	12	1211	192	3	
122	9	1224	189	3	
123	12	1198	181	3	
126	12	1219	191	3	
123	13	1202	183	3	
117	12	1214	190	3	
116	14	1219	189	3	
121	12	1230	186	3	
119	13	1249	182	3	
114	15	1249	184	3	
109	15	1258	185	3	
108	15	1267	179	3	
107	16	1270	177	3	
107	17	1249	168	3	
106	16	1246	170	3	
108	14	1240	180	3	
111	14	1273	170	3	
103	12	1290	174	3	
105	14	1277	175	3	
114	15	1250	179	3	
112	16	1246	169	3	
111	16	1259	180	3	
112	14	1243	169	3	
112	13	1233	169	3	
109	11	1261	165	3	
112	10	1255	159	3	
112	9	1213	147	3	
113	9	1213	143	3	
109	11	1234	139	3	
107	11	1247	149	3	
111	11	1248	143	3	
121	11	1252	150	3	
123	11	1240	143	3	
121	12	1257	145	3	
117	9	1264	141	3	
118	11	1264	135	3	
106	10	1270	136	3	
96	9	1264	135	3	
88	10	1274	137	3	
91	9	1278	145	3	
93	9	1270	152	3	
90	10	1260	148	3	
92	10	1251	152	3	
99	11	1238	147	3	
109	11	1236	145	3	
118	12	1246	146	3	
127	12	1256	147	3	
128	13	1235	156	3	
127	14	1230	153	3	
124	13	1229	156	3	
113	15	1266	166	3	
117	12	1277	174	3	
112	12	1259	173	3	
112	13	1278	178	3	
115	11	1255	171	3	
106	10	1267	185	3	
104	9	1266	184	3	
100	11	1276	184	3	
100	12	1276	184	3	
101	14	1266	181	3	
106	15	1282	178	3	
99	16	1289	169	3	
95	15	1295	165	3	
90	16	1306	172	3	
86	20	1308	168	3	
91	19	1322	159	3	
94	21	1317	152	3	
91	20	1285	151	3	
87	21	1287	151	3	
83	21	1292	151	3	
80	20	1283	142	3	
80	22	1271	143	3	
81	23	1258	152	3	
79	21	1264	152	3	
81	20	1263	150	3	
77	21	1255	148	3	
79	21	1230	144	3	
82	19	1240	144	3	
88	20	1250	142	3	
95	21	1254	144	3	
102	21	1229	138	3	
103	19	1222	134	3	
104	20	1226	137	3	
100	20	1222	146	3	
107	21	1232	153	3	
110	20	1256	150	3	
106	19	1244	149	3	
107	18	1236	147	3	
99	21	1247	144	3	
98	22	1262	139	3	
94	19	1279	140	3	
99	20	1258	139	3	
97	21	1247	139	3	
98	20	1274	139	3	
97	20	1304	134	3	
98	15	1306	138	3	
91	18	1315	138	3	
93	16	1330	140	3	
102	17	1337	142	3	
91	18	1359	134	3	
86	18	1379	133	3	
92	17	1369	132	3	
98	18	1324	128	3	
92	18	1305	133	3	
93	16	1310	138	3	
93	16	1329	133	3	
93	19	1302	137	3	
94	21	1307	138	3	
95	21	1296	134	3	
95	17	1304	134	3	
93	15	1278	137	3	
93	13	1296	136	3	
91	15	1303	134	3	
96	15	1305	128	3	
97	14	1300	129	3	
98	14	1316	118	3	
99	16	1288	117	3	
101	17	1279	117	3	
97	15	1278	114	3	
100	15	1260	105	3	
99	16	1252	102	3	
96	15	1252	103	3	
99	14	1239	101	3	
106	14	1266	104	3	
100	13	1258	103	3	
102	15	1249	106	3	
105	19	1255	100	3	
109	21	1279	100	3	
103	22	1286	99	3	
104	22	1298	92	3	
102	20	1314	88	3	
101	20	1325	84	3	
104	23	1343	91	3	
99	24	1351	98	3	
100	27	1344	99	3	
102	28	1337	94	3	
101	27	1354	95	3	
108	25	1352	108	3	
103	27	1369	106	3	
96	28	1369	109	3	
91	27	1365	111	3	
87	26	1379	114	3	
86	26	1344	109	3	
83	26	1337	115	3	
79	25	1356	121	3	
77	24	1351	122	3	
75	22	1335	122	3	
81	19	1344	124	3	
79	18	1341	129	3	
84	18	1346	121	3	
84	17	1349	128	3	
83	16	1354	131	3	
86	14	1335	132	3	
80	12	1332	128	3	
83	11	1340	125	3	
78	13	1348	119	3	
74	16	1352	121	3	
76	13	1339	120	3	
75	16	1346	125	3	
77	16	1324	131	3	
77	15	1310	128	3	
77	14	1337	126	3	
75	17	1341	129	3	
78	18	1315	130	3	
79	19	1316	137	3	
80	19	1301	136	3	
84	22	1281	127	3	
89	25	1297	126	3	
93	28	1293	126	3	
89	25	1300	117	3	
88	21	1324	113	3	
89	21	1317	116	3	
90	21	1286	121	3	
94	21	1306	124	3	
97	23	1334	125	3	
101	21	1320	129	3	
108	22	1314	127	3	
101	22	1317	131	3	
99	25	1294	128	3	
95	26	1295	138	3	
89	24	1280	137	3	
89	25	1292	134	3	
86	26	1294	137	3	
83	30	1286	130	3	
84	30	1274	135	3	
80	26	1245	142	3	
81	24	1272	133	3	
83	27	1266	131	3	
89	31	1259	127	3	
84	29	1260	125	3	
84	30	1254	128	3	
87	23	1272	123	3	
86	27	1261	119	3	
88	24	1249	121	3	
93	27	1240	119	3	
95	26	1242	127	3	
93	26	1255	126	3	
95	28	1295	123	3	
88	31	1294	128	3	
89	35	1320	128	3	
100	34	1311	121	3	
98	38	1318	125	3	
97	42	1314	128	3	
97	35	1320	138	3	
99	35	1295	143	3	
102	33	1300	155	3	
90	33	1317	151	3	
84	28	1321	152	3	
86	26	1305	158	3	
84	26	1287	151	3	
95	27	1309	142	3	
99	26	1304	139	3	
96	32	1305	135	3	
97	35	1266	138	3	
108	31	1279	135	3	
111	32	1296	127	3	
108	34	1303	127	3	
111	33	1265	129	3	
113	35	1277	123	3	
117	35	1255	130	3	
121	33	1267	130	3	
122	35	1264	129	3	
124	33	1259	131	3	
125	31	1262	141	3	
116	28	1281	138	3	
109	28	1288	139	3	
118	33	1264	147	3	
120	32	1277	144	3	
117	34	1253	141	3	
121	36	1283	142	3	
123	34	1294	145	3	
128	35	1299	138	3	
126	36	1303	148	3	
125	33	1292	155	3	
125	38	1272	148	3	
133	39	1285	145	3	
126	41	1284	141	3	
133	41	1299	143	3	
133	38	1302	143	3	
129	38	1289	144	3	
126	40	1323	146	3	
128	42	1317	146	3	
125	42	1328	154	3	
122	44	1316	151	3	
132	43	1339	158	3	
129	44	1324	167	3	
130	39	1331	165	3	
123	40	1358	164	3	
126	40	1361	171	3	
133	39	1335	169	3	
127	40	1289	175	3	
117	42	1301	172	3	
115	40	1289	162	3	
115	39	1291	158	3	
112	38	1284	161	3	
109	41	1290	169	3	
112	41	1280	165	3	
114	40	1265	165	3	
106	37	1288	168	3	
111	37	1286	167	3	
103	36	1292	170	3	
102	38	1263	173	3	
112	41	1281	172	3	
113	42	1288	169	3	
115	45	1293	176	3	
119	50	1293	178	3	
122	50	1295	184	3	
117	52	1269	184	3	
119	49	1263	182	3	
114	53	1245	191	3	
127	51	1247	192	3	
127	55	1256	196	3	
135	56	1245	191	3	
134	52	1273	189	3	
131	48	1281	189	3	
135	49	1272	181	3	
131	49	1263	180	3	
133	45	1268	182	3	
136	45	1257	183	3	
133	46	1262	188	3	
129	48	1251	196	3	
135	47	1249	199	3	
137	50	1258	198	3	
140	48	1272	202	3	
140	45	1277	213	3	
136	44	1283	199	3	
133	42	1281	189	3	
132	41	1264	180	3	
133	38	1254	173	3	
129	37	1265	169	3	
118	39	1286	166	3	
122	38	1273	169	3	
125	43	1267	172	3	
127	44	1276	174	3	
132	46	1285	170	3	
133	52	1254	177	3	
129	48	1263	169	3	
133	44	1269	172	3	
124	48	1260	173	3	
128	48	1272	178	3	
128	48	1287	174	3	
130	47	1305	167	3	
131	48	1302	171	3	
130	43	1294	172	3	
132	42	1273	170	3	
121	44	1288	171	3	
133	41	1298	170	3	
142	44	1284	164	3	
137	48	1288	171	3	
143	43	1295	173	3	
142	42	1293	179	3	
146	40	1276	175	3	
145	38	1297	176	3	
139	40	1309	181	3	
135	36	1295	181	3	
143	38	1298	170	3	
137	37	1273	166	3	
136	40	1245	170	3	
139	43	1260	170	3	
137	43	1268	171	3	
136	46	1268	165	3	
136	50	1262	164	3	
132	53	1238	166	3	
131	48	1231	168	3	
126	47	1253	167	3	
122	45	1271	161	3	
119	45	1264	157	3	
124	45	1261	156	3	
115	46	1240	155	3	
122	46	1248	153	3	
120	48	1285	155	3	
115	47	1269	154	3	
115	51	1291	152	3	
107	48	1304	144	3	
111	49	1316	145	3	
119	48	1308	155	3	
121	50	1283	156	3	
122	47	1287	154	3	
123	42	1291	151	3	
122	39	1277	150	3	
121	39	1247	155	3	
125	35	1231	154	3	
128	38	1241	154	3	
122	38	1244	156	3	
128	41	1232	157	3	
120	42	1214	156	3	
123	39	1229	155	3	
124	38	1212	155	3	
126	37	1216	153	3	
