0	1	0	0	0	
1	1	0	0	0	
1	1	0	0	0	
2	1	0	0	0	
2	1	2	0	0	
2	1	3	0	0	
3	2	3	0	0	
3	2	1	0	0	
3	2	2	0	0	
3	2	3	0	0	
3	1	5	0	0	
3	2	5	0	0	
4	2	4	2	0	
4	3	3	2	0	
4	1	3	2	0	
4	2	4	2	0	
3	2	5	3	0	
3	3	4	3	0	
4	4	5	3	0	
5	4	3	4	0	
6	3	3	4	0	
7	3	4	4	0	
8	4	4	5	0	
8	6	3	5	0	
9	6	4	4	0	
10	8	4	5	0	
9	7	3	8	0	
9	7	2	8	0	
11	8	3	10	0	
14	9	4	10	0	
15	6	5	11	0	
12	5	7	12	0	
14	3	7	13	0	
17	5	7	17	0	
17	4	8	18	0	
16	6	7	19	0	
16	7	5	19	0	
15	6	7	19	0	
15	6	7	20	0	
15	6	7	19	0	
15	8	6	19	0	
17	7	6	18	0	
16	5	8	19	0	
17	6	8	18	0	
17	8	6	15	0	
18	10	7	19	0	
19	11	7	18	0	
18	12	9	20	0	
18	14	11	22	0	
19	13	9	24	0	
18	13	10	27	0	
18	13	13	24	0	
20	14	14	19	0	
23	14	19	20	0	
21	15	19	19	0	
21	17	21	20	0	
20	17	20	21	0	
21	14	23	24	0	
23	14	24	25	0	
22	16	26	26	0	
24	14	23	29	0	
24	12	23	33	0	
29	13	21	31	0	
31	14	21	35	0	
28	13	22	38	0	
32	15	23	40	0	
33	19	28	35	0	
34	19	26	33	0	
28	19	26	33	0	
30	20	27	34	0	
30	21	28	35	0	
33	20	29	40	0	
30	21	32	39	0	
35	16	30	38	0	
36	19	32	38	0	
36	24	33	40	0	
37	26	37	43	0	
36	22	37	42	0	
34	25	36	49	0	
38	24	33	48	0	
42	29	33	49	0	
44	31	30	51	0	
44	30	29	47	0	
42	34	33	52	0	
46	35	34	53	0	
45	39	36	55	0	
47	41	38	54	0	
46	43	41	53	0	
51	43	49	57	0	
50	45	51	65	0	
47	43	47	66	0	
48	45	50	60	0	
49	48	56	57	0	
40	48	58	58	0	
40	50	59	57	0	
39	48	61	53	0	
40	48	65	53	0	
37	47	63	50	0	
36	53	63	54	0	
34	56	62	49	0	
41	58	64	45	0	
42	58	66	47	0	
40	62	69	55	0	
43	63	71	58	0	
43	65	75	60	0	
42	69	81	58	0	
47	69	81	54	0	
47	72	82	59	0	
50	75	89	61	0	
50	73	96	63	0	
52	70	97	70	0	
53	72	97	63	0	
53	75	99	61	0	
54	74	97	62	0	
57	74	97	64	0	
55	70	92	62	0	
55	71	98	60	0	
50	70	98	63	0	
59	70	93	60	0	
56	78	94	68	0	
59	92	98	70	0	
58	86	103	69	0	
60	86	104	69	0	
63	86	101	69	0	
61	83	103	66	0	
66	82	104	69	0	
66	82	107	75	0	
66	80	109	77	0	
77	79	114	84	0	
85	92	116	81	0	
82	94	111	85	0	
79	92	113	91	0	
71	92	111	94	0	
74	91	112	96	0	
82	92	114	98	0	
82	97	118	81	0	
80	100	112	84	0	
81	87	110	86	0	
90	84	107	84	0	
94	88	115	84	0	
89	88	116	85	0	
82	89	113	85	0	
76	88	116	85	0	
78	92	118	84	0	
73	90	114	87	0	
76	85	117	88	0	
80	83	127	94	0	
81	91	130	98	0	
81	95	129	102	0	
79	97	132	91	0	
81	93	125	92	0	
80	98	124	94	0	
79	96	130	96	0	
75	96	138	102	0	
81	109	137	100	0	
79	114	129	98	0	
83	111	135	91	0	
86	118	133	91	0	
85	120	134	95	0	
78	123	133	94	0	
82	116	142	101	0	
91	115	143	106	0	
88	113	147	99	0	
90	114	151	100	0	
92	118	163	95	3	
83	128	154	103	0	
83	121	168	102	3	
85	117	166	105	3	
84	119	161	107	0	
81	122	165	109	0	
89	130	160	105	0	
88	128	161	97	0	
86	137	158	94	0	
91	129	155	103	0	
92	127	156	101	0	
93	130	147	102	0	
89	129	145	103	0	
87	131	154	107	0	
86	132	148	107	0	
86	128	148	108	0	
87	135	145	109	0	
84	139	146	118	0	
90	135	143	110	0	
90	142	154	111	0	
88	146	154	113	0	
93	146	155	114	0	
90	137	159	119	0	
85	131	153	119	0	
88	134	161	115	0	
84	138	154	106	0	
84	138	155	113	0	
91	139	154	121	0	
95	139	161	124	0	
105	149	160	128	0	
106	152	163	130	0	
109	157	169	127	0	
118	158	158	129	0	
121	155	164	132	0	
123	144	164	139	0	
119	153	160	136	0	
118	156	158	131	0	
114	147	160	132	0	
109	143	162	127	0	
102	148	171	123	0	
99	143	179	124	0	
98	143	173	127	0	
95	140	177	126	0	
98	149	170	124	0	
98	141	169	129	0	
97	141	169	122	0	
88	145	178	116	0	
88	143	180	115	0	
95	137	175	117	0	
92	141	183	120	0	
94	135	181	125	3	
97	147	180	122	0	
102	150	172	120	0	
108	147	168	118	0	
119	152	164	121	0	
120	144	167	129	0	
115	148	174	132	0	
111	152	175	138	0	
118	149	182	133	0	
118	152	186	134	0	
115	152	189	142	0	
113	157	187	142	0	
114	160	175	144	0	
124	159	183	149	0	
116	159	183	148	0	
120	156	180	147	0	
126	157	178	151	0	
129	157	177	146	0	
126	155	178	152	0	
128	156	182	151	0	
127	156	182	144	0	
128	157	183	139	0	
121	173	192	147	0	
124	177	183	147	0	
119	175	187	137	0	
115	165	194	146	0	
125	162	195	144	0	
127	156	203	135	0	
120	152	215	136	3	
125	154	218	135	3	
131	149	223	133	3	
122	153	228	140	3	
115	168	231	140	3	
116	174	229	136	3	
121	167	232	141	3	
132	159	233	141	3	
138	161	230	150	3	
138	165	225	153	3	
141	173	225	159	3	
143	178	217	160	0	
141	188	222	165	0	
147	191	213	166	0	
147	188	218	168	0	
147	194	222	171	0	
148	192	219	167	0	
156	196	238	169	0	
151	189	241	174	0	
141	197	248	172	0	
141	200	245	167	0	
146	209	251	168	0	
147	209	240	160	0	
145	200	245	170	0	
145	207	239	174	0	
144	206	238	171	0	
138	205	247	177	0	
140	207	258	178	0	
145	212	250	174	0	
134	211	245	178	0	
138	223	249	175	0	
137	223	256	175	0	
133	236	250	170	0	
122	225	258	177	0	
120	232	272	183	0	
134	221	279	176	3	
137	237	283	186	0	
132	242	289	180	0	
133	232	288	179	0	
140	232	296	174	3	
148	230	285	182	0	
156	225	280	178	0	
157	222	284	182	3	
159	226	280	185	0	
157	218	285	195	3	
152	221	292	201	3	
155	221	287	205	3	
148	214	283	199	3	
152	212	281	193	3	
157	211	286	197	3	
166	215	276	201	3	
170	205	265	197	3	
169	202	257	191	0	
174	211	269	195	3	
167	211	265	200	0	
174	205	258	195	0	
176	210	261	203	0	
178	208	259	192	0	
172	217	264	200	0	
171	214	272	207	3	
173	220	276	212	0	
173	226	282	211	0	
173	230	284	210	0	
183	234	282	211	0	
184	235	287	218	0	
185	243	280	214	0	
184	237	304	217	3	
185	230	301	223	3	
190	222	302	225	3	
196	216	292	217	3	
193	218	285	232	0	
198	222	284	232	0	
200	227	274	245	0	
200	228	276	245	0	
202	229	284	237	0	
192	228	290	235	0	
189	228	286	229	0	
194	222	274	230	0	
188	222	273	228	0	
191	213	267	233	0	
197	209	267	234	0	
199	216	263	242	0	
202	217	267	247	0	
204	229	275	250	0	
215	230	283	255	0	
220	229	288	255	0	
208	231	279	251	0	
214	242	265	250	0	
210	237	273	253	0	
214	241	281	262	0	
223	238	288	271	0	
231	233	284	272	0	
230	235	294	282	0	
236	241	307	269	0	
243	247	315	267	0	
234	244	316	278	0	
236	239	303	287	0	
232	256	300	290	0	
234	248	298	290	0	
238	251	300	284	0	
234	251	295	288	0	
239	242	296	291	0	
238	245	306	293	0	
235	249	308	298	0	
240	250	301	301	0	
236	250	292	301	0	
237	256	290	301	0	
242	257	292	292	0	
237	265	295	285	0	
235	272	292	283	0	
243	260	289	286	0	
250	258	296	286	0	
243	249	305	294	0	
252	258	306	296	0	
260	259	309	289	0	
258	251	308	291	0	
262	251	307	290	0	
261	254	308	305	0	
258	250	306	315	0	
265	257	320	311	0	
267	262	319	306	0	
256	258	320	315	0	
262	270	326	306	0	
260	274	334	307	0	
252	279	337	314	0	
251	293	336	302	0	
248	287	354	316	0	
244	281	351	316	0	
251	273	350	312	0	
250	274	362	321	0	
244	286	345	307	0	
242	285	333	310	0	
231	285	327	303	0	
237	282	325	305	0	
223	281	329	310	0	
238	284	340	307	0	
232	281	343	299	0	
247	289	344	286	0	
235	292	342	284	0	
222	294	339	285	0	
227	299	349	289	0	
225	311	342	281	0	
236	300	346	265	0	
245	291	349	278	0	
247	296	352	275	0	
252	296	347	280	0	
246	289	333	292	0	
240	289	351	303	0	
252	288	364	301	0	
250	298	350	297	0	
252	312	349	297	0	
250	316	359	302	0	
239	320	356	311	0	
236	324	365	306	0	
236	316	374	311	0	
255	313	367	313	0	
260	310	367	296	0	
269	304	365	300	0	
262	311	365	313	0	
267	312	371	311	0	
263	296	382	318	0	
262	304	379	319	0	
259	309	373	319	0	
252	309	372	328	0	
265	313	371	328	0	
266	317	366	323	0	
259	324	366	322	0	
254	322	374	331	0	
255	323	371	335	0	
255	332	380	329	0	
263	332	389	322	0	
271	322	380	331	0	
268	328	370	326	0	
264	338	359	328	0	
269	329	356	335	0	
270	333	343	335	0	
276	317	356	317	0	
268	317	362	315	0	
267	320	359	308	0	
267	319	361	306	0	
272	313	355	306	0	
273	308	358	325	0	
272	306	358	320	0	
269	300	367	325	0	
264	305	365	318	0	
261	316	363	334	0	
258	315	360	323	0	
249	312	355	309	0	
251	301	357	307	0	
238	317	358	293	0	
229	315	366	295	0	
234	315	373	292	0	
238	310	375	290	0	
233	303	380	289	3	
226	303	370	281	3	
233	305	363	278	0	
231	321	366	274	0	
227	328	370	274	0	
233	322	392	286	3	
237	312	384	281	3	
254	326	383	281	0	
247	323	385	280	0	
247	328	375	276	0	
248	333	359	270	0	
241	333	359	290	0	
233	331	367	296	0	
237	324	370	295	0	
244	319	384	287	0	
243	323	385	301	0	
233	336	382	293	0	
235	337	390	286	0	
234	336	386	296	0	
240	341	384	292	0	
224	348	393	293	0	
230	336	391	281	0	
230	340	388	281	0	
218	342	395	281	0	
227	331	401	276	3	
229	336	410	280	3	
224	332	393	278	0	
215	338	400	292	0	
219	335	400	288	0	
221	351	390	279	0	
228	353	396	283	0	
234	351	414	278	0	
233	345	425	277	3	
232	339	421	269	3	
229	332	423	272	3	
234	340	420	274	3	
230	343	406	285	0	
229	341	414	280	3	
226	339	415	285	3	
232	351	412	277	0	
244	345	419	284	3	
255	332	421	286	3	
259	345	431	287	3	
249	346	415	294	0	
243	341	419	284	3	
239	341	418	284	3	
239	334	419	286	3	
238	326	422	280	3	
250	340	421	282	3	
248	341	422	277	3	
237	327	426	289	3	
241	320	433	284	3	
243	324	428	280	3	
231	342	415	289	3	
228	352	390	297	0	
232	341	382	309	0	
241	339	373	305	0	
239	332	379	311	0	
247	337	387	313	0	
252	334	372	309	0	
238	322	361	310	0	
242	323	361	313	0	
252	329	350	304	0	
250	325	343	314	0	
250	319	347	310	0	
247	330	357	315	0	
250	316	366	313	0	
251	320	356	321	0	
245	313	361	315	0	
249	302	378	313	0	
246	301	381	316	0	
251	298	374	317	0	
247	296	375	311	0	
229	298	388	313	3	
240	293	381	311	3	
239	291	378	316	0	
238	296	383	314	3	
249	287	388	321	0	
248	285	388	316	3	
257	296	382	305	3	
251	291	395	297	3	
239	287	383	290	3	
238	296	374	293	3	
246	299	378	289	3	
234	298	378	289	3	
235	296	373	286	3	
232	278	367	288	3	
233	287	358	284	3	
238	286	373	292	3	
247	281	370	296	3	
249	287	375	290	3	
253	274	377	297	3	
255	271	370	298	3	
242	277	363	292	3	
233	284	366	286	3	
242	279	370	286	3	
242	299	360	275	0	
237	296	347	270	0	
233	293	350	270	0	
232	280	346	271	3	
230	285	343	275	0	
231	283	339	287	0	
219	277	344	292	0	
229	281	340	286	0	
233	279	344	289	0	
231	289	347	280	0	
221	280	345	274	3	
224	285	344	268	0	
235	277	331	260	0	
226	270	332	262	0	
222	277	337	270	0	
220	278	333	269	0	
216	283	331	269	0	
214	291	330	262	0	
207	288	334	263	0	
207	288	338	235	0	
204	294	333	248	0	
217	283	343	254	0	
209	278	354	252	3	
210	274	345	260	3	
214	285	332	255	0	
218	283	334	260	0	
220	280	332	262	0	
219	285	336	257	0	
221	277	338	250	0	
216	285	344	250	0	
226	289	338	269	0	
224	284	358	267	3	
229	283	353	276	3	
217	279	345	271	3	
221	278	339	269	0	
224	275	338	280	0	
215	267	340	281	0	
227	261	350	277	3	
233	255	343	278	3	
226	263	347	277	3	
224	267	344	284	0	
230	269	336	293	0	
240	275	327	286	0	
240	280	345	284	0	
234	287	357	284	3	
240	284	357	283	3	
246	278	360	282	3	
241	282	353	282	3	
232	293	353	286	0	
234	288	354	284	3	
235	287	355	286	3	
230	288	351	289	0	
224	282	341	292	0	
228	264	337	275	0	
225	272	334	279	0	
227	273	342	286	0	
222	282	354	284	3	
226	287	342	274	0	
217	285	344	270	0	
228	288	339	268	0	
231	284	340	267	0	
228	272	341	266	3	
220	256	337	263	3	
211	268	323	264	0	
215	271	325	257	0	
217	285	323	256	0	
219	275	329	251	0	
219	268	332	243	3	
210	281	325	250	0	
212	270	333	251	0	
208	272	343	250	3	
212	268	351	251	3	
209	270	341	254	3	
216	271	343	250	3	
219	259	341	247	3	
214	268	336	258	3	
216	252	347	261	3	
212	246	351	266	3	
211	262	352	265	3	
211	260	351	261	3	
214	276	358	264	3	
227	281	366	264	3	
230	299	369	262	3	
226	302	376	258	3	
231	309	359	259	0	
235	302	375	261	3	
233	298	369	269	3	
231	298	357	263	0	
237	292	372	269	3	
239	292	381	266	3	
240	289	393	271	3	
240	302	380	277	3	
253	309	350	272	0	
241	307	345	271	0	
236	296	333	265	0	
229	295	336	264	0	
236	297	345	258	0	
232	299	340	254	0	
233	299	337	267	0	
231	295	343	271	0	
228	298	347	280	0	
224	290	347	278	0	
224	307	338	273	0	
216	308	344	271	0	
222	313	344	277	0	
223	319	355	286	0	
223	321	364	291	0	
226	314	360	301	0	
232	315	364	291	0	
242	306	364	276	0	
247	312	347	281	0	
251	318	364	285	0	
253	313	363	289	0	
254	322	360	300	0	
249	332	360	299	0	
243	348	365	301	0	
242	352	370	296	0	
242	343	367	286	0	
263	352	379	288	0	
269	343	358	281	0	
264	350	378	295	0	
265	342	381	287	0	
261	344	383	277	0	
255	336	378	279	0	
250	346	371	286	0	
250	344	385	290	0	
239	335	385	305	0	
232	331	384	287	0	
243	347	387	279	0	
237	341	399	284	0	
228	334	398	285	0	
227	340	400	267	0	
232	355	401	267	0	
240	353	401	278	0	
237	355	400	294	0	
240	347	394	308	0	
234	343	415	315	3	
236	332	406	320	3	
248	344	403	325	0	
254	355	414	334	0	
259	356	413	320	0	
262	353	417	316	0	
273	354	409	305	0	
282	370	413	316	0	
282	375	427	322	0	
274	378	424	335	0	
275	387	429	324	0	
269	378	435	321	0	
262	375	421	328	0	
261	386	402	333	0	
270	376	415	328	0	
261	379	403	317	0	
273	373	398	315	0	
267	363	401	320	0	
267	364	388	311	0	
263	362	395	303	0	
258	369	404	292	0	
259	362	412	298	0	
261	356	415	301	0	
260	354	414	301	0	
267	357	398	314	0	
272	344	410	309	0	
271	341	408	305	0	
270	346	396	312	0	
262	346	388	312	0	
250	352	389	303	0	
247	352	368	304	0	
254	334	382	302	0	
252	326	386	303	0	
254	329	395	304	0	
258	328	398	301	3	
240	336	389	292	0	
255	346	381	294	0	
245	336	385	287	0	
253	347	379	296	0	
246	353	391	303	0	
248	354	384	304	0	
252	356	377	304	0	
256	349	376	315	0	
253	347	384	316	0	
256	342	389	322	0	
252	362	365	325	0	
248	363	359	335	0	
261	356	371	330	0	
258	343	368	317	0	
259	351	385	309	0	
268	346	377	309	0	
253	340	376	311	0	
254	321	378	315	0	
254	321	379	327	0	
256	314	386	330	0	
258	309	389	324	0	
268	330	392	331	0	
259	330	402	331	3	
276	329	391	335	0	
283	325	393	337	0	
282	315	400	334	0	
275	317	395	327	0	
279	319	390	328	0	
273	321	372	323	0	
270	304	379	328	0	
270	307	370	320	0	
278	308	380	312	3	
258	307	383	308	3	
265	301	384	300	3	
262	308	385	303	3	
259	321	377	296	0	
261	331	380	291	0	
257	349	387	285	0	
260	350	390	297	0	
255	343	396	300	0	
246	337	400	306	0	
253	340	395	304	0	
253	348	402	302	0	
247	326	402	322	3	
245	318	401	316	3	
248	326	400	318	3	
246	339	399	324	0	
250	346	402	329	0	
240	351	378	329	0	
236	341	374	315	0	
237	340	372	307	0	
228	339	382	306	0	
221	357	388	304	0	
222	364	383	302	0	
213	372	385	303	0	
220	368	389	309	0	
226	363	399	320	0	
233	355	403	311	0	
235	355	404	299	0	
250	353	416	292	0	
247	352	416	292	0	
242	348	413	284	0	
250	358	417	285	0	
246	367	405	287	0	
252	372	414	291	0	
258	385	415	286	0	
248	384	437	275	0	
251	374	427	275	0	
253	373	429	280	0	
253	363	420	284	0	
266	362	429	294	0	
254	348	412	296	0	
247	346	422	291	3	
252	347	426	296	3	
257	338	419	288	3	
258	329	397	298	0	
244	313	409	278	3	
246	314	414	285	3	
232	324	410	282	3	
234	322	410	281	3	
231	336	408	283	3	
240	340	388	281	0	
237	336	391	278	0	
240	343	369	283	0	
244	327	369	290	0	
237	321	390	290	3	
234	316	382	292	0	
233	318	379	298	0	
239	314	373	306	0	
244	314	377	299	0	
233	321	380	288	0	
225	317	374	285	0	
222	305	390	293	3	
218	308	393	293	3	
225	322	380	296	0	
218	333	383	300	0	
217	330	377	290	0	
227	327	375	279	0	
227	331	371	280	0	
226	330	365	273	0	
218	334	378	274	0	
233	345	389	270	0	
231	356	392	272	0	
241	366	400	293	0	
243	351	409	275	0	
245	357	397	283	0	
249	343	397	290	0	
247	348	391	301	0	
248	346	383	289	0	
249	338	386	291	0	
260	333	396	295	0	
263	326	390	309	0	
265	310	390	309	3	
260	312	388	302	3	
254	318	383	303	0	
252	318	383	305	0	
240	313	390	310	3	
243	311	395	312	3	
245	325	385	313	0	
246	308	378	316	0	
252	308	383	307	3	
249	314	374	302	0	
251	321	363	308	0	
255	318	367	304	0	
258	338	379	302	0	
266	349	380	296	0	
261	343	366	286	0	
267	338	377	297	0	
267	328	380	294	0	
261	324	383	297	0	
247	308	383	305	3	
239	310	372	306	0	
239	296	373	306	0	
236	316	365	295	0	
245	316	383	299	0	
248	318	382	296	0	
245	326	404	290	3	
249	329	400	289	3	
250	321	406	279	3	
240	325	410	292	3	
246	327	401	294	3	
253	332	388	300	0	
243	334	397	284	0	
242	333	393	280	0	
230	329	394	273	0	
235	334	390	276	0	
233	325	401	269	3	
230	330	406	272	3	
240	330	413	271	3	
239	338	417	270	3	
237	334	420	268	3	
235	335	421	262	3	
241	331	404	274	3	
251	328	397	281	0	
247	336	381	277	0	
241	339	388	270	0	
229	326	382	272	0	
239	326	382	269	0	
227	329	371	277	0	
227	326	382	270	0	
227	322	381	268	0	
224	322	395	273	3	
222	329	404	278	3	
223	318	407	276	3	
223	320	395	266	3	
217	326	399	279	3	
215	331	401	266	3	
219	325	391	267	0	
232	330	393	273	0	
232	333	395	280	0	
245	323	401	282	3	
237	325	413	279	3	
236	328	407	297	3	
234	328	410	288	3	
227	330	412	289	3	
234	336	423	284	3	
228	328	424	293	3	
229	332	404	294	3	
228	338	408	278	0	
233	340	416	271	3	
239	342	402	272	0	
239	336	402	279	0	
239	339	397	274	0	
244	335	394	279	0	
239	334	393	289	0	
255	327	397	283	3	
256	326	391	274	0	
259	332	400	282	0	
257	328	400	296	3	
256	327	397	293	3	
261	307	398	287	3	
262	322	407	305	3	
253	333	406	300	3	
251	339	398	302	0	
250	332	402	306	3	
259	339	401	308	0	
264	329	392	314	0	
249	337	400	315	0	
243	343	408	311	0	
249	339	409	316	0	
238	329	421	308	3	
248	348	411	316	0	
255	354	414	308	0	
255	345	404	306	0	
256	339	399	303	0	
251	344	398	293	0	
241	358	401	296	0	
239	359	403	295	0	
239	365	412	295	0	
230	367	408	297	0	
233	381	422	298	0	
231	378	421	292	0	
237	374	415	300	0	
240	371	419	298	0	
236	374	406	288	0	
235	367	396	287	0	
223	355	401	280	0	
224	352	402	288	0	
230	364	399	288	0	
229	362	391	282	0	
232	354	387	292	0	
240	339	386	305	0	
245	364	400	297	0	
239	366	400	297	0	
252	353	400	287	0	
257	345	402	293	0	
251	339	412	289	3	
243	351	408	301	0	
240	363	408	296	0	
239	370	404	292	0	
244	349	422	283	3	
244	350	410	278	0	
241	365	408	276	0	
248	366	417	284	0	
246	364	410	299	0	
246	373	411	293	0	
236	374	411	294	0	
238	367	410	286	0	
236	362	409	290	0	
232	351	415	301	0	
237	369	399	301	0	
244	362	393	299	0	
239	352	390	300	0	
241	344	395	314	0	
247	343	405	305	0	
247	345	414	303	0	
252	346	406	301	0	
248	339	405	300	0	
253	358	411	294	0	
249	353	401	295	0	
243	341	396	298	0	
237	354	410	299	0	
241	350	409	298	0	
240	357	405	308	0	
227	358	409	307	0	
220	357	413	307	0	
238	355	408	300	0	
237	359	395	296	0	
244	370	401	295	0	
247	368	426	293	0	
248	372	441	302	0	
249	354	436	305	3	
253	339	429	297	3	
243	344	426	296	3	
245	346	423	294	3	
243	347	433	285	3	
243	357	440	290	3	
249	350	438	279	3	
253	364	441	286	3	
247	358	443	296	3	
240	357	446	297	3	
243	360	443	290	3	
231	361	425	288	0	
227	375	416	285	0	
218	372	433	305	0	
226	363	429	294	0	
237	363	429	292	0	
236	368	423	282	0	
225	366	421	288	0	
219	375	412	286	0	
224	382	424	283	0	
229	382	431	275	0	
236	379	422	275	0	
247	385	417	277	0	
256	372	416	286	0	
259	370	407	291	0	
250	388	411	294	0	
249	388	429	293	0	
236	396	441	295	0	
248	393	441	295	0	
243	395	436	289	0	
238	386	449	284	0	
225	391	438	291	0	
226	390	443	276	0	
225	377	446	271	0	
223	376	459	272	3	
224	381	458	280	3	
229	380	459	280	3	
