0	0	1	0	0	
1	0	1	0	0	
0	0	2	0	0	
0	1	1	1	0	
0	1	1	1	0	
0	1	2	1	0	
0	3	2	1	0	
0	4	3	1	0	
0	4	2	1	0	
0	5	5	1	0	
0	3	6	1	0	
0	2	6	2	0	
0	4	7	2	0	
0	5	6	2	0	
0	7	6	2	0	
1	5	6	2	0	
1	6	6	1	0	
1	8	6	1	0	
1	6	7	1	0	
2	6	10	1	0	
3	7	10	2	0	
4	7	10	2	0	
2	7	8	3	0	
2	6	9	3	0	
2	7	8	3	0	
1	5	8	4	0	
1	6	10	5	0	
2	7	11	5	0	
2	7	11	6	0	
1	7	9	6	0	
0	8	10	6	0	
1	7	11	6	0	
4	7	12	7	0	
6	5	11	7	0	
7	7	10	7	0	
8	7	9	7	0	
8	6	8	6	0	
8	6	10	6	0	
7	7	9	6	0	
8	8	8	8	0	
9	6	9	9	0	
8	7	9	8	0	
10	7	8	11	0	
10	7	8	11	0	
12	7	9	12	0	
13	7	10	11	0	
13	5	10	13	0	
13	9	11	16	0	
12	8	11	17	0	
14	8	11	15	0	
14	9	12	17	0	
11	9	12	17	0	
12	11	13	14	0	
11	11	12	14	0	
12	13	13	14	0	
13	13	13	15	0	
15	10	13	17	0	
19	11	13	15	0	
21	13	15	15	0	
20	16	13	15	0	
17	16	13	20	0	
18	16	15	18	0	
19	17	13	20	0	
21	18	13	17	0	
22	21	18	17	0	
21	18	17	20	0	
21	19	17	23	0	
24	17	22	24	0	
23	19	24	23	0	
16	22	25	27	0	
19	23	24	28	0	
19	21	24	29	0	
25	18	23	31	0	
23	19	24	33	0	
20	18	23	32	0	
22	20	23	36	0	
21	20	23	32	0	
23	22	26	29	0	
23	21	25	31	0	
24	19	27	31	0	
24	19	25	30	0	
23	20	27	29	0	
26	23	26	25	0	
26	21	28	24	0	
30	19	28	26	0	
29	20	29	27	0	
29	20	29	31	0	
30	23	26	29	0	
30	23	24	33	0	
30	22	24	33	0	
27	24	25	36	0	
28	20	25	40	0	
27	24	24	40	0	
28	23	26	39	0	
30	25	26	37	0	
33	26	30	39	0	
33	29	30	42	0	
32	28	33	47	0	
35	31	32	46	0	
30	30	37	42	0	
36	33	38	41	0	
41	26	43	42	0	
39	30	39	44	0	
41	26	38	47	0	
42	27	42	40	0	
42	27	41	42	0	
38	27	43	44	0	
41	28	41	46	0	
41	31	45	44	0	
39	31	41	46	0	
37	32	41	49	0	
43	38	40	49	0	
44	40	45	49	0	
43	38	43	48	0	
44	35	42	49	0	
44	33	45	57	0	
53	31	44	61	0	
53	29	45	62	0	
54	27	46	68	0	
54	27	44	67	0	
55	27	44	70	0	
56	26	45	73	0	
53	28	44	73	0	
58	30	44	75	0	
59	30	49	77	0	
58	34	50	73	0	
60	37	51	71	0	
58	38	49	75	0	
63	40	47	78	0	
68	42	48	78	0	
62	43	51	82	0	
69	47	54	80	0	
67	53	62	80	0	
67	56	64	80	0	
67	58	66	82	0	
71	58	70	78	0	
70	58	73	75	0	
70	60	80	86	0	
71	64	80	85	0	
67	65	77	81	0	
62	65	83	81	0	
60	66	84	83	0	
59	72	85	85	0	
62	73	84	81	0	
62	64	79	86	0	
60	66	81	79	0	
61	71	87	79	0	
60	67	86	80	0	
60	64	84	87	0	
57	63	91	85	0	
57	66	88	80	0	
60	69	86	84	0	
60	70	88	74	0	
70	66	93	77	0	
72	72	91	80	0	
70	73	96	81	0	
74	76	98	82	0	
67	70	86	78	0	
66	69	81	79	0	
63	69	81	80	0	
68	69	87	87	0	
69	68	91	84	0	
68	75	93	88	0	
70	71	97	89	0	
68	70	96	96	0	
75	73	97	91	0	
71	76	97	91	0	
72	78	97	92	0	
67	79	101	95	0	
70	84	101	97	0	
71	83	104	102	0	
71	83	113	99	0	
74	82	113	108	0	
82	91	112	112	0	
85	88	106	113	0	
86	85	108	110	0	
83	90	103	105	0	
78	89	105	101	0	
81	98	107	104	0	
83	98	109	108	0	
85	94	99	106	0	
85	93	98	106	0	
86	92	102	108	0	
83	89	101	101	0	
82	90	100	99	0	
89	92	105	107	0	
79	92	115	106	0	
83	97	116	105	0	
82	102	111	107	0	
80	92	123	103	0	
81	94	122	101	0	
80	96	126	105	0	
79	97	121	108	0	
81	104	121	117	0	
88	113	129	116	0	
93	113	127	116	0	
93	112	132	121	0	
105	117	128	117	0	
107	118	132	113	0	
101	113	137	118	0	
97	123	137	122	0	
102	117	140	116	0	
107	115	145	116	0	
106	117	153	124	0	
105	120	154	129	0	
103	120	156	126	0	
99	113	160	132	0	
99	118	155	128	0	
105	119	161	134	0	
104	119	157	136	0	
105	121	151	133	0	
105	124	145	132	0	
105	121	147	134	0	
107	117	147	131	0	
103	122	147	118	0	
97	123	148	121	0	
103	126	155	113	0	
96	134	156	118	0	
92	133	157	124	0	
98	130	165	124	0	
104	128	166	123	0	
106	132	157	126	0	
106	139	167	131	0	
109	140	166	130	0	
110	133	162	140	0	
112	128	170	145	0	
112	124	166	140	0	
121	124	164	140	0	
116	124	170	143	0	
112	130	160	139	0	
119	127	168	138	0	
121	131	167	139	0	
123	134	155	149	0	
128	133	164	147	0	
133	131	162	150	0	
127	135	156	150	0	
130	138	161	146	0	
124	139	160	142	0	
120	141	151	140	0	
119	145	155	142	0	
116	134	157	140	0	
122	137	157	131	0	
129	136	162	139	0	
133	139	164	140	0	
135	133	161	145	0	
141	136	159	155	0	
142	140	157	156	0	
142	139	160	160	0	
145	135	172	151	0	
143	147	172	148	0	
142	143	178	148	0	
149	143	181	161	0	
146	147	183	165	0	
152	149	176	177	0	
153	136	175	181	0	
150	140	177	186	0	
152	145	176	181	0	
167	143	183	175	0	
167	140	183	173	0	
161	148	177	177	0	
161	149	171	166	0	
160	148	175	176	0	
162	150	172	181	0	
162	153	169	189	0	
159	156	183	194	0	
167	158	185	183	0	
163	159	183	188	0	
171	147	193	186	0	
163	154	190	187	0	
157	161	197	188	0	
160	158	206	178	0	
156	162	206	182	0	
156	165	197	182	0	
150	164	200	186	0	
153	162	207	177	0	
173	155	204	175	0	
178	157	205	186	0	
172	159	198	195	0	
173	164	197	200	0	
169	167	198	195	0	
159	170	199	200	0	
171	169	206	198	0	
170	181	202	209	0	
165	182	193	200	0	
160	181	191	209	0	
164	178	203	217	0	
166	177	194	208	0	
174	177	198	210	0	
177	178	206	215	0	
164	183	213	219	0	
167	179	209	218	0	
170	179	210	213	0	
176	162	214	212	0	
190	164	212	215	0	
191	167	216	227	0	
190	163	218	225	0	
197	171	214	221	0	
203	167	220	227	0	
198	176	205	232	0	
199	174	213	223	0	
195	174	219	228	0	
199	174	224	223	0	
197	176	224	218	0	
196	186	226	230	0	
192	184	227	233	0	
193	188	228	229	0	
197	185	236	221	0	
193	188	232	223	0	
187	181	229	224	0	
186	189	239	230	0	
183	198	228	219	0	
178	204	242	226	0	
171	213	249	224	0	
171	207	244	221	0	
169	204	251	211	0	
173	208	260	206	0	
170	210	269	206	3	
173	209	268	206	3	
173	220	275	210	0	
173	223	282	212	3	
176	233	274	205	0	
177	227	263	207	0	
181	218	264	204	0	
179	237	265	218	0	
181	235	256	212	0	
180	231	268	218	0	
177	230	273	222	0	
171	226	264	222	0	
169	219	257	219	0	
178	230	258	222	0	
178	234	256	226	0	
186	243	263	226	0	
196	249	266	225	0	
198	232	265	225	0	
208	227	261	228	0	
205	233	261	238	0	
203	243	265	243	0	
206	245	265	249	0	
198	250	273	243	0	
192	257	285	249	0	
194	250	283	237	0	
206	255	292	246	0	
206	252	298	242	0	
201	256	285	243	0	
200	257	293	258	0	
183	257	290	259	0	
182	259	290	263	0	
188	256	295	256	0	
190	251	293	267	0	
188	258	295	261	0	
183	244	295	251	0	
190	245	305	249	0	
194	255	310	247	0	
196	249	300	244	0	
197	250	300	234	0	
190	255	306	228	0	
198	254	301	230	0	
195	252	308	226	0	
198	258	312	231	0	
200	262	305	226	0	
201	265	308	234	0	
210	274	315	237	0	
209	269	314	241	0	
202	271	310	237	0	
200	273	301	237	0	
201	269	300	229	0	
195	270	290	232	0	
189	272	291	227	0	
186	276	300	227	0	
190	275	309	219	0	
190	278	316	225	0	
198	284	300	221	0	
193	271	303	229	0	
196	277	310	225	0	
197	268	308	229	0	
195	260	320	233	0	
192	273	315	235	0	
191	282	317	231	0	
190	272	319	236	0	
182	275	324	247	0	
190	276	338	249	0	
196	281	334	245	0	
183	290	341	249	0	
184	289	337	249	0	
177	279	338	246	0	
186	291	335	251	0	
188	296	338	251	0	
190	305	323	254	0	
200	296	338	255	0	
195	291	344	261	0	
195	283	342	270	0	
188	289	341	270	0	
191	295	340	260	0	
200	290	333	241	0	
209	286	346	234	0	
213	296	350	247	0	
209	311	345	237	0	
201	318	361	240	0	
207	310	370	229	0	
206	311	380	234	3	
206	316	379	238	0	
206	317	377	232	0	
194	315	394	228	3	
186	321	393	234	3	
181	312	392	230	3	
180	324	375	232	0	
180	325	383	234	0	
180	322	396	229	3	
175	328	396	220	0	
172	325	390	227	0	
178	332	377	231	0	
174	326	387	232	0	
178	320	412	232	3	
187	328	404	229	3	
187	329	403	225	3	
173	326	413	229	3	
169	323	417	233	3	
172	329	417	230	3	
174	328	403	235	3	
179	310	404	238	3	
187	318	393	238	3	
197	324	383	228	0	
196	332	373	225	0	
190	334	365	237	0	
185	338	363	227	0	
186	326	380	226	0	
179	321	386	216	0	
173	319	386	217	0	
176	316	387	222	3	
176	302	391	224	3	
175	303	379	219	3	
178	296	399	222	3	
187	315	401	231	3	
185	299	400	246	3	
190	311	396	236	3	
191	307	390	238	3	
190	327	377	240	0	
195	321	381	231	0	
206	332	384	226	0	
197	326	381	235	0	
198	331	397	237	0	
200	342	397	247	0	
198	362	391	254	0	
202	351	399	268	0	
207	362	394	272	0	
207	368	410	273	0	
211	375	420	268	0	
218	375	414	275	0	
218	370	416	274	0	
209	363	413	264	0	
217	350	413	268	0	
216	360	420	266	0	
222	364	423	259	0	
224	356	433	268	3	
217	352	430	262	3	
207	347	411	268	0	
214	346	417	257	0	
207	345	417	260	3	
201	353	405	272	0	
208	348	418	268	0	
205	348	413	264	0	
216	342	420	265	3	
221	352	426	260	3	
223	363	424	258	0	
224	362	423	274	0	
207	362	412	268	0	
208	363	411	258	0	
213	360	421	266	0	
213	360	414	272	0	
227	361	411	263	0	
227	368	398	262	0	
231	362	395	261	0	
234	355	401	261	0	
228	346	398	252	0	
234	336	401	257	0	
230	328	390	251	0	
236	341	394	235	0	
232	336	385	236	0	
232	342	377	246	0	
220	344	391	251	0	
221	334	406	244	3	
220	336	423	252	3	
231	348	427	257	3	
231	345	433	261	3	
230	343	415	272	3	
230	344	400	276	0	
234	338	408	283	0	
229	336	412	274	3	
241	341	414	264	3	
238	332	407	260	3	
231	332	387	252	0	
235	326	380	249	0	
233	325	381	250	0	
241	325	387	242	0	
229	327	390	243	0	
232	323	396	251	3	
216	323	406	262	3	
215	332	414	282	3	
214	328	403	271	3	
217	319	389	271	3	
229	338	385	269	0	
228	326	373	266	0	
225	329	391	264	0	
235	337	393	266	0	
235	332	394	265	0	
232	339	384	260	0	
236	341	403	256	0	
227	338	391	257	0	
233	353	384	266	0	
237	355	381	268	0	
232	349	391	261	0	
231	356	400	267	0	
238	338	401	264	0	
242	333	393	282	0	
238	342	404	290	0	
232	336	398	279	0	
233	328	406	291	3	
232	345	402	292	0	
231	345	397	286	0	
226	339	397	294	0	
239	343	381	285	0	
233	352	385	294	0	
232	343	399	303	0	
233	347	385	301	0	
233	319	378	311	0	
231	327	377	311	0	
240	330	364	294	0	
244	322	357	290	0	
234	337	366	288	0	
235	324	388	297	0	
237	318	375	304	0	
234	329	373	307	0	
242	326	386	297	0	
239	331	395	292	0	
246	327	397	280	3	
248	326	405	294	3	
245	329	406	292	3	
238	342	410	289	0	
238	337	404	281	0	
237	335	398	298	0	
232	345	390	302	0	
232	348	404	306	0	
229	346	402	312	0	
232	344	412	298	0	
225	342	393	288	0	
227	362	401	289	0	
223	356	406	284	0	
218	370	400	269	0	
212	350	390	267	0	
216	335	394	267	0	
218	344	387	274	0	
202	331	392	273	0	
196	330	408	271	3	
190	339	417	273	3	
190	346	414	275	0	
208	350	413	272	0	
208	358	397	272	0	
221	347	397	256	0	
218	353	400	256	0	
217	365	403	255	0	
219	366	405	257	0	
214	352	418	264	0	
211	364	416	257	0	
220	356	408	247	0	
223	348	402	246	0	
217	348	394	246	0	
221	344	389	247	0	
221	334	406	251	3	
220	344	402	257	0	
222	343	411	255	0	
224	345	414	246	0	
215	346	411	253	0	
212	336	412	254	3	
209	338	414	258	3	
208	337	415	270	3	
216	344	403	278	0	
229	336	415	284	3	
233	338	407	288	0	
239	345	420	294	3	
241	342	421	296	3	
240	341	429	283	3	
234	354	415	290	0	
240	362	411	287	0	
242	366	429	290	0	
244	356	403	288	0	
241	358	403	283	0	
234	351	392	272	0	
228	343	409	277	0	
218	346	418	287	3	
214	345	409	281	0	
204	329	413	265	3	
199	336	406	273	0	
202	336	406	268	0	
201	349	414	257	0	
202	346	429	256	3	
201	345	419	259	3	
213	346	411	255	0	
216	349	413	246	0	
215	361	400	243	0	
203	371	410	247	0	
204	357	419	232	0	
209	343	416	246	3	
212	345	418	249	3	
208	343	417	244	3	
195	342	419	248	3	
206	338	417	250	3	
207	335	415	251	3	
207	329	400	261	3	
217	330	392	256	0	
228	333	383	256	0	
229	341	377	260	0	
236	350	381	259	0	
231	350	392	265	0	
228	346	382	279	0	
243	345	385	284	0	
231	342	385	287	0	
223	353	382	288	0	
230	354	388	293	0	
233	350	386	301	0	
246	362	396	291	0	
241	364	407	294	0	
244	354	409	291	0	
237	368	415	270	0	
236	368	428	265	0	
229	365	409	274	0	
227	371	421	265	0	
224	360	419	265	0	
225	358	418	257	0	
233	358	432	268	3	
239	359	428	258	0	
233	363	409	261	0	
237	362	412	272	0	
232	351	414	264	0	
221	336	421	287	3	
220	347	409	281	0	
223	353	408	271	0	
230	366	397	275	0	
234	355	401	269	0	
231	359	411	268	0	
224	354	419	262	0	
220	350	404	268	0	
216	336	402	272	0	
223	331	397	261	0	
225	334	398	260	0	
229	324	410	266	3	
224	329	406	271	3	
220	329	409	259	3	
224	337	395	261	0	
229	342	404	278	0	
221	343	400	278	0	
223	342	396	275	0	
233	352	397	283	0	
246	344	390	289	0	
237	343	393	286	0	
234	330	383	282	0	
230	326	379	295	0	
224	331	383	296	0	
237	331	384	291	0	
250	337	385	302	0	
246	334	393	309	0	
254	344	398	311	0	
252	355	400	319	0	
250	360	389	321	0	
252	364	395	328	0	
249	359	408	325	0	
250	353	422	317	0	
248	370	411	308	0	
260	363	412	300	0	
255	361	425	299	0	
252	362	428	303	0	
250	366	440	309	3	
248	354	422	309	0	
247	355	433	309	3	
243	356	425	300	0	
248	353	423	304	0	
247	370	420	309	0	
243	365	427	303	0	
246	362	433	297	0	
253	368	417	303	0	
248	368	412	309	0	
249	357	426	310	0	
243	361	437	310	3	
243	361	439	294	3	
258	373	425	298	0	
269	370	417	303	0	
268	367	422	307	0	
268	377	412	323	0	
268	389	422	317	0	
263	382	418	321	0	
250	389	428	328	0	
242	381	436	326	0	
235	364	435	326	0	
233	355	430	332	3	
237	347	435	327	3	
238	330	436	321	3	
258	349	432	312	3	
265	367	420	316	0	
268	358	406	312	0	
265	368	399	311	0	
268	371	405	302	0	
267	349	404	309	0	
265	353	391	299	0	
263	344	382	295	0	
264	339	389	289	0	
249	337	386	281	0	
246	325	395	283	3	
249	318	403	273	3	
237	315	406	273	3	
236	324	405	279	3	
245	317	409	290	3	
252	330	395	282	0	
255	329	389	272	0	
245	328	402	278	3	
238	328	396	301	0	
235	332	398	301	0	
242	329	408	308	3	
239	317	414	306	3	
231	314	415	299	3	
239	314	414	285	3	
236	305	413	278	3	
243	313	393	286	3	
243	325	390	291	0	
240	317	378	291	0	
243	314	388	290	3	
240	321	397	274	3	
251	329	385	273	0	
249	337	389	275	0	
252	341	383	277	0	
253	349	374	275	0	
251	334	374	279	0	
254	334	393	278	0	
257	337	389	285	0	
258	333	390	306	0	
256	329	389	308	0	
261	322	388	318	0	
260	317	386	316	3	
258	312	380	315	0	
259	310	371	293	0	
270	309	384	293	3	
271	326	395	293	0	
270	322	376	298	0	
269	328	375	307	0	
264	322	368	308	0	
260	333	379	313	0	
275	341	381	313	0	
281	339	381	312	0	
267	339	374	312	0	
260	338	371	319	0	
275	333	373	310	0	
264	334	381	332	0	
271	345	374	326	0	
264	336	392	338	0	
263	327	392	323	0	
256	333	377	324	0	
245	340	387	333	0	
255	331	377	315	0	
248	332	387	313	0	
251	329	382	315	0	
249	332	386	310	0	
243	340	370	315	0	
250	338	378	315	0	
257	347	394	322	0	
251	344	400	331	0	
265	356	404	329	0	
279	358	405	318	0	
285	354	416	327	0	
271	345	411	323	0	
256	342	413	326	3	
255	332	414	345	0	
273	323	412	337	3	
275	327	411	344	0	
271	341	414	346	0	
274	353	401	337	0	
277	340	391	326	0	
269	352	390	331	0	
262	338	378	332	0	
247	322	386	330	0	
242	333	384	321	0	
248	332	388	319	0	
266	334	395	321	0	
257	328	392	313	0	
261	333	386	305	0	
264	347	378	316	0	
258	353	376	305	0	
263	343	368	303	0	
267	340	376	307	0	
271	349	377	303	0	
270	342	399	310	0	
272	337	409	317	3	
256	342	415	316	3	
273	341	413	301	3	
277	343	397	295	0	
277	337	397	311	0	
274	326	415	320	3	
277	327	419	324	3	
285	341	417	342	3	
276	350	404	343	0	
280	348	402	345	0	
280	344	396	350	0	
285	344	405	355	0	
298	353	415	356	0	
290	349	415	350	0	
296	342	423	351	3	
300	347	424	345	3	
307	344	427	342	3	
308	356	427	353	0	
301	346	432	354	3	
300	363	439	342	3	
297	357	418	347	0	
309	362	401	344	0	
288	357	398	335	0	
285	362	390	342	0	
281	357	392	344	0	
277	352	403	342	0	
271	335	406	339	0	
264	336	414	333	3	
261	347	410	341	0	
265	342	402	343	0	
256	346	395	349	0	
260	344	380	336	0	
262	335	386	334	0	
265	337	391	341	0	
275	341	396	340	0	
280	349	396	333	0	
288	353	404	340	0	
296	336	394	341	0	
285	331	395	335	0	
275	339	406	335	0	
275	348	403	336	0	
275	346	395	333	0	
276	354	406	323	0	
267	343	401	308	0	
262	346	410	310	0	
262	350	418	316	0	
264	344	430	300	3	
267	333	407	306	3	
253	334	399	298	0	
254	337	407	294	0	
260	335	407	298	3	
259	330	402	319	3	
262	334	402	304	0	
267	323	404	317	3	
269	315	404	307	3	
272	305	396	312	3	
272	302	394	316	3	
280	297	402	309	3	
292	308	389	307	3	
294	299	396	316	3	
288	310	395	314	3	
288	321	396	317	3	
288	317	400	323	3	
281	333	392	318	0	
278	333	394	324	0	
274	329	395	324	0	
267	322	405	323	3	
265	329	422	316	3	
271	319	420	316	3	
271	331	395	318	0	
262	331	392	308	0	
259	326	382	315	0	
253	322	385	321	0	
268	309	389	323	0	
270	308	405	333	3	
272	317	405	330	3	
278	324	409	321	3	
296	325	416	336	3	
298	335	428	342	3	
304	335	430	338	3	
296	326	418	340	3	
295	332	407	341	0	
305	337	414	345	0	
302	338	420	350	0	
295	342	419	350	0	
294	339	422	345	3	
281	333	414	357	0	
293	333	405	348	0	
301	337	401	339	0	
291	332	377	334	0	
305	323	376	331	0	
313	314	378	333	0	
311	327	377	340	0	
297	347	383	331	0	
300	329	378	316	0	
292	332	385	320	0	
287	330	385	334	0	
287	319	384	332	0	
281	344	374	343	0	
270	346	376	326	0	
268	352	366	334	0	
266	350	392	331	0	
265	350	404	329	0	
258	346	395	329	0	
255	354	402	332	0	
258	357	404	333	0	
260	353	402	326	0	
262	355	403	327	0	
255	367	386	332	0	
258	359	391	340	0	
267	355	398	329	0	
269	345	391	340	0	
266	344	381	337	0	
259	333	386	325	0	
255	338	392	322	0	
250	333	395	316	0	
246	349	381	321	0	
245	345	372	324	0	
255	331	386	316	0	
246	325	390	320	0	
251	336	391	319	0	
252	341	379	327	0	
262	336	373	321	0	
263	333	367	325	0	
275	323	368	318	0	
283	319	377	326	0	
256	321	382	328	0	
252	334	369	322	0	
242	334	364	328	0	
242	335	370	316	0	
251	345	387	284	0	
245	340	374	297	0	
251	341	375	303	0	
255	338	374	316	0	
263	339	385	311	0	
252	341	377	304	0	
246	344	371	307	0	
240	339	385	301	0	
245	332	380	308	0	
239	343	384	315	0	
228	341	379	302	0	
220	341	383	312	0	
218	339	389	301	0	
235	333	384	301	0	
231	325	392	302	0	
243	327	392	298	0	
237	325	383	295	0	
225	327	378	300	0	
225	326	383	305	0	
238	330	395	294	0	
235	323	383	282	0	
234	325	395	292	3	
237	327	397	300	3	
243	331	394	292	0	
236	347	391	293	0	
227	351	392	295	0	
225	350	399	299	0	
229	350	400	305	0	
229	342	409	306	0	
238	344	422	295	3	
239	351	409	302	0	
238	338	394	310	0	
244	342	400	312	0	
244	353	411	321	0	
244	361	402	318	0	
246	354	391	314	0	
238	358	387	315	0	
249	351	390	319	0	
250	359	397	317	0	
247	359	400	316	0	
255	348	406	318	0	
245	356	418	311	0	
250	358	402	318	0	
243	357	412	318	0	
250	359	417	311	0	
255	341	419	303	3	
255	335	411	300	3	
261	337	416	313	3	
254	345	408	305	0	
248	342	397	305	0	
238	362	392	304	0	
237	350	403	312	0	
242	351	391	306	0	
244	351	393	304	0	
249	345	395	301	0	
250	335	386	301	0	
246	343	402	292	0	
232	333	406	300	3	
233	335	405	294	0	
232	334	415	296	3	
230	343	415	295	3	
219	368	413	304	0	
223	358	419	283	0	
222	363	413	271	0	
225	355	424	274	0	
228	351	412	260	0	
228	355	408	252	0	
239	367	405	254	0	
238	367	401	262	0	
244	358	395	267	0	
245	374	393	277	0	
249	374	404	273	0	
246	371	405	278	0	
244	368	406	279	0	
237	363	421	285	0	
229	366	432	291	0	
224	360	434	283	3	
231	352	429	278	3	
230	359	439	280	3	
236	362	447	278	3	
247	375	441	279	0	
248	376	444	278	0	
