0	0	1	0	0	
0	1	1	0	0	
0	1	2	0	0	
0	1	3	0	0	
0	2	2	0	0	
0	2	3	0	0	
0	3	3	0	0	
1	3	3	0	0	
1	3	3	1	0	
0	6	3	1	0	
0	5	4	1	0	
2	6	4	1	0	
1	6	6	1	0	
1	6	7	1	0	
1	6	7	2	0	
2	6	5	2	0	
2	5	6	3	0	
3	5	5	4	0	
3	5	5	4	0	
3	4	4	5	0	
2	4	6	4	0	
3	3	6	4	0	
2	3	6	5	0	
3	4	6	5	0	
4	4	8	3	0	
3	3	8	4	0	
3	3	8	5	0	
4	5	5	6	0	
5	5	5	6	0	
6	6	5	5	0	
7	5	9	4	0	
6	6	8	5	0	
5	7	8	8	0	
7	8	8	8	0	
6	8	7	8	0	
6	9	7	9	0	
7	9	8	9	0	
6	11	10	9	0	
7	12	9	9	0	
7	11	9	8	0	
7	12	10	8	0	
7	10	10	7	0	
10	8	13	8	0	
10	8	14	7	0	
9	9	15	7	0	
10	10	16	8	0	
10	13	14	10	0	
9	12	16	11	0	
9	13	16	10	0	
9	12	14	10	0	
7	10	14	11	0	
6	9	13	10	0	
8	10	14	10	0	
9	8	15	12	0	
8	9	15	15	0	
9	10	16	15	0	
9	13	15	14	0	
9	15	19	15	0	
11	15	18	15	0	
12	13	17	15	0	
13	12	17	15	0	
11	13	15	14	0	
12	12	16	18	0	
10	15	15	20	0	
10	13	14	20	0	
14	15	12	21	0	
14	16	13	21	0	
13	16	10	21	0	
14	14	9	20	0	
13	15	10	20	0	
13	15	13	21	0	
14	16	13	18	0	
16	17	13	17	0	
16	18	13	20	0	
15	15	12	20	0	
18	13	12	19	0	
18	12	10	20	0	
21	13	10	18	0	
18	13	16	23	0	
17	16	17	19	0	
18	15	17	18	0	
16	15	20	20	0	
15	16	16	20	0	
14	17	18	26	0	
17	18	19	22	0	
15	19	17	25	0	
16	19	19	22	0	
13	21	22	21	0	
14	21	25	21	0	
14	20	26	20	0	
16	21	29	21	0	
16	20	24	22	0	
17	22	23	22	0	
18	23	22	22	0	
20	23	22	24	0	
20	24	24	29	0	
24	26	26	29	0	
28	28	24	28	0	
27	30	27	27	0	
24	26	28	28	0	
26	26	29	32	0	
28	25	32	38	0	
30	24	34	38	0	
34	25	30	41	0	
37	28	34	45	0	
39	32	35	41	0	
37	34	35	44	0	
41	38	38	44	0	
42	41	37	43	0	
43	40	38	42	0	
46	42	35	47	0	
46	43	34	42	0	
45	41	40	45	0	
45	40	42	48	0	
48	37	45	50	0	
47	34	48	54	0	
44	33	46	57	0	
43	37	48	61	0	
44	42	49	65	0	
47	40	50	65	0	
43	37	53	67	0	
44	37	46	73	0	
50	35	41	72	0	
55	33	41	77	0	
55	32	38	76	0	
58	37	34	75	0	
54	35	39	80	0	
52	35	40	77	0	
52	34	47	74	0	
48	35	48	72	0	
46	35	44	71	0	
47	36	42	65	0	
46	35	39	62	0	
51	35	38	60	0	
50	40	44	63	0	
53	45	45	60	0	
55	47	49	63	0	
59	48	55	63	0	
53	46	56	67	0	
55	48	57	61	0	
55	48	62	63	0	
49	47	58	68	0	
53	48	56	68	0	
58	43	57	70	0	
57	42	58	70	0	
58	41	56	67	0	
58	46	53	69	0	
64	47	53	73	0	
64	49	52	71	0	
57	50	53	78	0	
59	51	52	80	0	
62	53	48	86	0	
69	54	51	86	0	
72	57	52	86	0	
66	52	55	85	0	
67	48	53	78	0	
68	44	56	83	0	
70	43	59	79	0	
70	42	59	88	0	
75	42	59	88	0	
79	44	65	93	0	
76	47	65	93	0	
73	49	67	99	0	
74	55	70	101	0	
73	58	69	101	0	
80	58	71	101	0	
88	60	71	102	0	
84	59	71	110	0	
85	58	69	111	0	
87	61	77	105	0	
84	55	83	106	0	
89	54	76	104	0	
95	58	75	110	0	
105	64	73	112	0	
102	64	77	101	0	
97	64	77	107	0	
102	68	78	114	0	
95	67	80	124	0	
98	67	85	125	0	
102	69	79	127	0	
100	74	83	123	0	
98	80	85	122	0	
102	79	87	118	0	
104	76	95	116	0	
106	74	93	115	0	
104	79	100	113	0	
98	78	104	118	0	
94	80	103	119	0	
99	82	103	120	0	
95	89	102	117	0	
100	88	107	119	0	
105	92	107	117	0	
102	95	110	121	0	
94	98	110	118	0	
96	101	105	117	0	
100	94	112	121	0	
98	101	112	118	0	
100	97	113	115	0	
101	102	128	114	0	
103	101	126	116	0	
99	100	126	125	0	
105	109	122	127	0	
104	106	123	130	0	
107	113	130	130	0	
96	111	131	134	0	
92	120	127	137	0	
95	117	129	128	0	
96	113	131	132	0	
95	117	127	128	0	
101	114	137	130	0	
103	110	134	139	0	
110	113	137	130	0	
116	109	143	132	0	
111	115	146	137	0	
116	127	156	133	0	
112	130	160	137	0	
122	133	158	131	0	
117	134	166	137	0	
122	139	174	148	0	
122	140	176	142	0	
124	139	185	143	0	
129	140	191	150	0	
131	142	195	154	0	
138	145	187	158	0	
142	154	187	158	0	
136	149	181	157	0	
138	142	171	158	0	
141	135	173	166	0	
140	143	178	165	0	
139	149	181	174	0	
135	147	184	171	0	
133	150	184	172	0	
130	146	183	172	0	
138	148	182	174	0	
144	158	185	173	0	
144	153	197	177	0	
142	153	194	170	0	
138	159	200	163	0	
143	157	206	169	0	
145	156	213	178	0	
145	157	205	180	0	
148	151	202	177	0	
151	154	193	176	0	
146	153	193	184	0	
144	160	196	186	0	
153	162	197	177	0	
157	167	206	187	0	
156	163	202	183	0	
164	173	198	184	0	
167	181	212	186	0	
172	179	216	187	0	
167	186	214	195	0	
173	187	217	193	0	
173	191	220	194	0	
179	186	216	213	0	
184	185	210	208	0	
170	178	215	214	0	
177	178	209	218	0	
176	183	217	208	0	
168	189	219	205	0	
178	179	230	203	0	
171	172	226	200	0	
174	169	224	215	0	
177	165	229	204	0	
177	171	214	205	0	
174	163	220	206	0	
182	166	219	211	0	
177	165	214	211	0	
187	175	224	215	0	
181	185	228	211	0	
178	189	223	210	0	
175	197	231	211	0	
174	198	227	218	0	
180	194	224	218	0	
192	187	241	218	0	
186	196	250	219	0	
184	191	243	231	0	
182	195	240	242	0	
187	198	243	234	0	
176	191	237	240	0	
191	191	230	249	0	
190	188	241	247	0	
184	195	250	254	0	
195	195	244	244	0	
198	195	239	243	0	
190	197	236	249	0	
193	208	235	261	0	
196	210	252	247	0	
203	207	251	237	0	
207	203	253	251	0	
202	202	269	257	0	
194	205	278	249	0	
184	217	282	243	0	
195	228	283	237	0	
201	239	272	242	0	
207	231	279	236	0	
198	222	294	230	3	
192	222	295	237	0	
206	234	292	242	0	
208	229	289	243	0	
206	237	275	239	0	
207	233	272	244	0	
214	235	265	254	0	
216	228	256	250	0	
216	229	259	257	0	
205	229	283	268	0	
216	230	285	272	0	
220	232	288	276	0	
224	227	279	275	0	
217	236	288	280	0	
205	230	284	276	0	
204	228	297	274	0	
207	242	292	274	0	
210	242	277	276	0	
210	246	285	283	0	
220	245	292	273	0	
223	245	273	274	0	
222	233	278	282	0	
231	236	279	289	0	
225	234	270	287	0	
239	225	275	273	0	
242	237	280	285	0	
236	238	283	284	0	
241	232	287	275	0	
231	232	296	287	0	
227	246	293	297	0	
226	246	291	289	0	
226	256	303	282	0	
220	267	292	281	0	
218	271	297	299	0	
215	280	307	306	0	
230	277	311	301	0	
231	266	314	298	0	
230	265	315	292	0	
241	263	337	294	0	
238	272	328	290	0	
232	286	313	284	0	
240	286	325	301	0	
247	281	323	303	0	
256	275	331	295	0	
255	284	328	293	0	
247	281	323	294	0	
244	285	334	289	0	
252	281	343	290	0	
254	281	339	283	0	
249	289	332	292	0	
260	284	322	278	0	
253	278	322	291	0	
253	275	325	279	0	
246	283	317	274	0	
254	280	320	274	0	
248	288	322	286	0	
244	281	328	286	0	
252	287	329	299	0	
243	293	325	295	0	
249	290	322	292	0	
245	286	337	276	0	
235	285	345	277	0	
223	277	336	278	0	
219	285	351	268	3	
228	294	360	269	3	
240	290	379	277	3	
243	283	381	280	3	
238	285	376	288	3	
241	296	382	282	3	
241	311	378	274	0	
238	321	377	280	0	
239	325	368	292	0	
237	333	373	298	0	
239	331	364	298	0	
228	329	364	292	0	
224	325	377	288	0	
222	325	357	282	0	
223	316	356	273	0	
225	324	361	277	0	
213	322	369	278	0	
217	321	376	268	0	
215	318	370	268	0	
224	318	362	261	0	
225	317	371	264	0	
218	321	368	266	0	
212	321	371	262	0	
215	327	363	256	0	
213	311	366	258	0	
210	312	370	263	0	
209	317	376	252	0	
219	320	374	251	0	
219	309	367	251	0	
214	319	366	248	0	
223	310	369	260	0	
231	304	378	255	3	
228	306	389	254	3	
220	321	366	254	0	
219	314	372	249	0	
224	323	363	251	0	
218	324	365	244	0	
219	316	355	251	0	
213	314	356	248	0	
196	315	359	244	0	
204	314	362	251	0	
202	317	358	259	0	
209	317	367	265	0	
225	313	368	270	0	
232	316	368	275	0	
233	310	359	278	0	
236	312	357	274	0	
233	317	356	287	0	
229	316	367	291	0	
224	316	355	291	0	
220	320	369	294	0	
217	312	367	298	0	
223	306	379	291	3	
225	312	387	282	3	
225	312	393	282	3	
222	324	398	279	3	
225	334	397	280	0	
226	338	411	292	3	
228	340	403	294	0	
233	339	412	297	3	
239	330	414	286	3	
236	331	409	289	3	
236	331	411	297	3	
240	331	391	302	0	
235	335	385	295	0	
241	340	387	295	0	
234	340	404	280	0	
226	319	415	276	3	
223	328	428	271	3	
224	334	421	273	3	
225	339	432	272	3	
212	335	413	282	3	
215	345	401	285	0	
205	355	411	289	0	
202	345	411	282	0	
214	352	413	283	0	
216	349	393	283	0	
217	342	396	276	0	
216	343	403	282	0	
214	321	400	282	3	
226	326	395	276	0	
226	323	390	263	0	
228	315	395	264	3	
227	323	400	252	3	
214	334	421	254	3	
217	342	415	258	3	
214	337	399	240	0	
208	345	400	248	0	
205	355	397	265	0	
211	341	419	263	3	
215	349	418	262	0	
220	343	407	252	0	
220	341	411	264	0	
211	328	408	262	3	
212	336	402	275	0	
218	346	390	268	0	
223	351	400	278	0	
224	367	412	282	0	
228	355	409	287	0	
236	352	412	288	0	
231	342	413	291	3	
223	330	420	295	3	
227	343	412	298	0	
226	346	411	305	0	
236	350	411	286	0	
235	335	398	289	0	
237	332	406	292	3	
236	341	407	292	0	
243	342	388	295	0	
237	333	410	297	3	
230	331	397	288	0	
236	325	403	289	3	
228	340	408	296	0	
239	348	399	296	0	
237	341	407	293	0	
243	351	402	287	0	
241	347	406	285	0	
239	352	406	295	0	
247	352	415	299	0	
248	367	419	293	0	
252	377	418	290	0	
246	374	421	295	0	
243	360	418	295	0	
232	354	427	307	3	
228	359	435	290	3	
235	357	446	294	3	
232	359	445	291	3	
234	357	449	287	3	
243	356	447	287	3	
240	363	432	294	0	
240	366	427	282	0	
245	364	428	285	0	
257	371	425	289	0	
241	379	422	287	0	
251	374	431	294	0	
258	357	407	294	0	
254	354	411	299	0	
264	347	414	299	0	
258	333	413	302	3	
254	348	394	297	0	
248	348	396	294	0	
249	345	401	291	0	
244	340	408	303	0	
236	337	411	301	3	
229	329	424	299	3	
238	325	415	301	3	
248	333	402	297	0	
251	345	415	288	0	
246	340	399	295	0	
227	330	416	289	3	
225	332	429	281	3	
240	346	413	290	0	
236	352	407	300	0	
237	351	414	294	0	
226	353	417	307	0	
217	361	428	304	0	
220	361	442	292	3	
227	356	445	299	3	
231	349	439	302	3	
247	355	430	302	3	
255	352	428	299	3	
253	342	426	302	3	
252	339	421	309	3	
263	332	408	305	3	
259	333	410	298	3	
267	332	407	301	3	
268	345	416	292	0	
255	363	423	305	0	
245	360	418	294	0	
244	369	420	286	0	
242	354	420	288	0	
239	354	426	287	3	
233	359	419	299	0	
238	363	432	314	0	
247	365	427	313	0	
260	363	433	296	0	
266	364	433	306	0	
258	360	449	311	3	
266	370	451	317	3	
268	357	441	311	3	
271	367	429	302	0	
267	371	439	312	0	
264	370	451	318	3	
263	373	443	300	0	
264	360	450	313	3	
265	373	438	302	0	
263	375	441	309	0	
261	368	426	312	0	
264	366	439	301	0	
262	367	443	297	3	
243	355	442	298	3	
249	382	431	307	0	
259	382	435	303	0	
251	393	448	309	0	
262	390	444	307	0	
269	367	460	292	3	
273	354	453	289	3	
264	370	453	298	3	
262	371	446	299	3	
258	357	446	285	3	
260	371	436	292	0	
265	377	419	296	0	
270	378	409	287	0	
270	370	417	288	0	
263	369	425	292	0	
246	376	432	283	0	
251	371	441	290	0	
246	363	445	286	3	
241	374	451	288	3	
240	376	451	299	3	
238	383	465	291	3	
244	376	460	294	3	
237	368	441	293	0	
243	393	441	290	0	
246	385	435	297	0	
250	386	450	292	0	
258	377	468	292	3	
238	377	454	286	3	
242	375	453	285	3	
245	387	444	287	0	
246	385	438	291	0	
238	382	445	289	0	
236	370	456	279	3	
240	384	452	272	0	
243	365	463	270	3	
231	382	472	281	3	
234	382	465	282	3	
236	386	458	274	0	
230	395	461	276	0	
239	396	466	280	0	
237	395	460	264	0	
224	396	466	262	0	
224	408	465	246	0	
233	392	461	255	0	
223	396	450	257	0	
227	397	441	252	0	
220	396	423	241	0	
221	382	427	238	0	
212	384	442	236	0	
209	391	429	245	0	
199	386	437	253	0	
201	393	428	238	0	
204	384	437	243	0	
208	373	460	250	3	
207	358	457	255	3	
213	370	460	255	3	
213	376	451	256	3	
207	374	447	258	0	
203	368	455	260	3	
210	370	460	260	3	
209	367	458	249	3	
213	380	450	261	0	
212	379	457	261	3	
214	369	438	248	0	
214	379	444	253	0	
215	374	440	248	0	
214	363	434	239	0	
222	374	442	248	0	
214	371	443	248	0	
221	386	451	240	0	
222	388	443	237	0	
212	394	438	234	0	
198	399	445	233	0	
201	418	444	227	0	
206	412	445	229	0	
212	410	451	233	0	
219	392	454	224	0	
224	396	462	238	0	
220	415	453	229	0	
222	418	463	234	0	
228	423	468	241	0	
224	423	478	240	0	
233	414	476	242	0	
219	405	486	253	3	
222	412	475	260	0	
229	409	468	251	0	
234	412	464	249	0	
244	408	464	250	0	
244	410	479	252	0	
236	410	473	254	0	
244	403	472	259	0	
232	393	460	267	0	
230	402	460	267	0	
230	408	458	271	0	
227	413	460	278	0	
219	419	456	279	0	
227	420	463	278	0	
223	412	460	281	0	
231	409	467	284	0	
228	395	461	280	0	
239	392	465	277	0	
238	411	463	280	0	
228	397	458	286	0	
235	401	460	288	0	
238	409	444	298	0	
242	392	459	306	0	
239	394	453	298	0	
247	396	453	283	0	
238	399	448	269	0	
234	395	442	267	0	
234	393	442	264	0	
239	385	439	266	0	
231	379	437	263	0	
236	373	424	265	0	
229	357	426	265	0	
221	369	424	270	0	
216	357	432	257	3	
210	348	445	252	3	
204	364	435	251	0	
207	352	441	264	3	
216	347	436	263	3	
225	343	423	265	3	
224	346	425	270	3	
239	343	420	261	3	
235	343	430	275	3	
237	334	425	276	3	
237	332	424	276	3	
239	328	420	285	3	
246	336	416	274	3	
251	345	411	269	0	
257	348	418	259	0	
266	346	412	269	0	
256	347	408	271	0	
253	336	413	281	3	
247	358	404	286	0	
251	346	401	299	0	
253	352	396	291	0	
245	344	404	265	0	
233	350	409	259	0	
220	334	415	259	3	
212	334	416	260	3	
221	336	424	274	3	
216	340	426	281	3	
212	342	431	262	3	
213	342	418	270	3	
218	350	428	270	3	
215	362	423	276	0	
219	367	423	265	0	
226	356	407	267	0	
237	358	408	267	0	
246	354	413	265	0	
245	350	411	258	0	
238	348	407	252	0	
235	352	407	259	0	
232	352	409	267	0	
228	343	398	263	0	
232	338	407	261	0	
228	330	402	261	3	
220	318	406	260	3	
221	316	394	262	3	
214	321	392	268	3	
218	327	398	262	3	
225	305	395	271	3	
225	316	390	285	3	
222	329	386	294	0	
221	338	389	290	0	
219	343	385	293	0	
221	339	387	287	0	
226	343	391	294	0	
238	358	399	286	0	
227	366	396	281	0	
228	359	396	284	0	
238	361	393	284	0	
242	350	400	288	0	
241	346	397	286	0	
249	344	399	291	0	
252	356	411	298	0	
249	370	420	300	0	
257	370	433	290	0	
259	366	455	299	3	
254	362	457	303	3	
262	369	425	317	0	
261	365	432	313	0	
273	372	428	316	0	
263	357	430	312	3	
264	355	421	308	0	
265	357	424	306	0	
265	357	419	309	0	
272	362	420	312	0	
270	375	413	304	0	
262	359	418	312	0	
252	368	413	319	0	
251	363	396	314	0	
258	363	409	319	0	
255	357	396	313	0	
259	351	421	310	0	
256	359	416	302	0	
250	364	433	309	0	
250	362	431	312	0	
258	374	441	309	0	
261	349	437	307	3	
263	344	448	313	3	
258	352	435	299	3	
260	365	423	294	0	
259	352	414	295	0	
263	356	414	286	0	
258	364	417	279	0	
250	369	400	275	0	
250	366	410	275	0	
244	354	409	282	0	
244	362	408	283	0	
239	348	409	285	0	
239	364	407	287	0	
232	372	401	283	0	
238	357	411	279	0	
245	347	407	268	0	
241	351	411	274	0	
242	342	407	269	0	
241	349	409	283	0	
236	347	411	290	0	
241	332	411	284	3	
249	325	424	293	3	
255	338	414	287	3	
245	349	416	279	0	
239	350	407	283	0	
232	354	408	281	0	
220	353	410	286	0	
220	338	403	281	0	
234	335	408	273	3	
227	337	404	263	0	
220	333	394	256	0	
228	329	405	252	3	
232	339	399	251	0	
231	343	396	261	0	
228	347	377	266	0	
238	342	380	277	0	
228	334	390	276	0	
230	339	384	278	0	
226	337	379	281	0	
221	327	377	283	0	
222	335	378	281	0	
223	336	382	274	0	
217	338	391	268	0	
211	354	377	276	0	
206	343	389	265	0	
204	355	392	255	0	
211	364	385	258	0	
219	361	381	253	0	
227	363	395	255	0	
222	359	409	264	0	
232	364	402	264	0	
243	351	399	267	0	
240	367	407	268	0	
243	362	407	277	0	
242	349	420	277	0	
234	353	411	279	0	
228	346	416	289	0	
224	356	432	295	3	
224	351	437	287	3	
212	341	443	309	3	
206	340	437	286	3	
209	353	436	290	3	
209	366	464	289	3	
209	356	454	287	3	
220	362	463	283	3	
217	352	466	271	3	
225	359	459	258	3	
227	375	442	263	0	
219	380	452	267	0	
224	377	454	267	3	
215	378	448	258	0	
222	381	445	251	0	
234	368	447	242	3	
231	360	439	240	3	
232	366	438	246	0	
223	359	442	252	3	
221	368	429	243	0	
224	385	430	255	0	
214	389	439	263	0	
213	389	444	257	0	
217	384	446	257	0	
214	385	443	257	0	
207	386	454	255	0	
207	395	439	257	0	
210	389	439	262	0	
208	388	434	268	0	
206	385	441	272	0	
211	385	447	256	0	
211	390	446	250	0	
208	394	460	244	0	
206	393	467	254	0	
211	384	469	261	3	
218	383	471	272	3	
217	372	472	263	3	
225	384	479	269	3	
223	378	480	260	3	
225	381	484	251	3	
226	374	490	252	3	
230	373	471	266	3	
229	385	465	267	3	
236	378	457	270	3	
230	385	467	288	3	
220	378	470	279	3	
220	374	463	279	3	
209	378	471	272	3	
209	387	462	264	0	
211	384	468	260	3	
210	384	463	263	3	
219	401	458	275	0	
213	411	450	272	0	
226	405	457	272	0	
227	403	445	277	0	
213	405	448	276	0	
203	403	451	264	0	
198	406	447	267	0	
206	426	455	265	0	
204	416	452	267	0	
210	422	449	256	0	
194	427	447	258	0	
200	422	457	268	0	
193	425	463	259	0	
188	418	470	248	0	
189	432	479	239	0	
194	441	477	233	0	
195	428	478	248	0	
199	434	460	247	0	
206	432	469	240	0	
211	448	459	245	0	
204	459	456	244	0	
207	457	458	244	0	
207	442	450	230	0	
196	442	466	237	0	
200	431	463	236	0	
198	432	450	242	0	
200	420	457	258	0	
212	419	469	249	0	
214	401	464	257	0	
211	398	465	265	0	
219	399	461	263	0	
219	396	455	267	0	
214	397	464	268	0	
220	396	467	259	0	
222	397	479	249	3	
218	398	493	248	3	
216	398	481	253	3	
217	404	483	253	3	
234	409	496	252	3	
221	413	499	241	3	
209	422	487	244	0	
213	436	489	228	0	
216	435	481	231	0	
210	437	482	232	0	
214	445	477	230	0	
213	434	471	234	0	
204	438	472	226	0	
201	438	473	231	0	
197	431	471	245	0	
192	444	468	250	0	
191	434	469	257	0	
195	427	478	259	0	
190	416	487	255	0	
190	416	490	248	0	
184	430	473	243	0	
187	437	483	249	0	
190	432	488	245	0	
188	419	490	243	0	
188	412	492	244	3	
197	405	492	241	3	
193	412	490	248	3	
193	400	484	240	3	
199	393	485	237	3	
190	388	481	228	3	
202	394	478	221	3	
189	387	464	219	3	
191	386	479	221	3	
196	393	476	225	3	
194	391	465	238	0	
192	391	458	244	0	
191	391	439	237	0	
188	386	436	226	0	
192	386	437	230	0	
192	391	432	230	0	
196	386	436	228	0	
200	389	449	230	0	
193	381	449	238	0	
199	379	445	230	0	
191	395	441	228	0	
189	388	438	222	0	
191	392	445	228	0	
196	386	429	221	0	
208	374	439	220	0	
203	361	451	214	3	
198	357	447	206	3	
190	361	443	198	3	
190	364	460	206	3	
182	376	459	201	3	
187	389	456	208	0	
179	381	467	207	3	
171	381	453	209	0	
174	394	449	208	0	
169	392	459	203	0	
171	390	457	203	0	
176	387	462	197	0	
178	375	469	208	3	
177	369	472	212	3	
175	364	474	207	3	
175	363	460	215	3	
179	372	461	220	3	
191	383	478	215	3	
194	409	466	219	0	
193	402	482	224	3	
184	396	474	214	3	
176	393	471	205	3	
189	385	479	198	3	
197	373	472	213	3	
193	370	457	214	3	
191	385	459	228	0	
190	393	449	231	0	
182	384	444	227	0	
176	378	443	220	0	
174	385	439	217	0	
170	370	444	215	3	
164	372	443	209	0	
163	366	441	210	3	
172	358	441	203	3	
169	377	434	208	0	
173	362	427	212	0	
168	368	438	206	0	
164	360	463	205	3	
164	363	454	212	3	
160	369	448	202	3	
149	366	451	205	3	
149	364	444	188	3	
154	375	424	184	0	
152	373	433	186	0	
151	371	429	177	0	
154	365	428	171	0	
159	365	434	170	0	
154	358	432	165	3	
159	360	427	173	0	
159	361	439	179	3	
161	368	441	191	0	
159	380	437	198	0	
163	387	440	199	0	
161	383	451	199	0	
158	380	447	187	0	
160	384	458	189	0	
158	368	446	191	3	
157	347	451	204	3	
161	354	438	211	3	
162	363	441	213	3	
