0	0	0	0	0	
0	0	0	1	0	
0	1	0	1	0	
0	1	0	1	0	
1	1	0	1	0	
0	1	2	1	0	
0	3	2	1	0	
0	4	3	1	0	
0	5	3	3	0	
0	3	5	3	0	
0	2	7	4	0	
0	3	8	5	0	
0	4	13	6	0	
1	5	15	8	0	
1	6	15	7	0	
1	6	14	7	0	
1	7	16	7	0	
1	8	15	8	0	
1	7	17	8	0	
1	8	17	8	0	
1	8	18	8	0	
1	10	17	9	0	
1	9	20	12	0	
1	9	20	13	0	
1	10	21	16	0	
1	9	19	21	0	
1	10	23	18	0	
1	8	25	18	0	
1	7	27	16	0	
1	7	28	16	0	
1	7	30	17	0	
2	8	35	19	0	
2	9	36	21	0	
3	9	38	21	0	
3	9	36	22	0	
3	9	36	21	0	
2	7	37	21	0	
2	4	38	23	0	
3	4	39	24	0	
5	4	39	23	0	
4	5	37	24	0	
4	6	37	23	0	
4	7	40	23	0	
3	9	38	23	0	
3	9	42	22	0	
4	9	42	22	0	
5	6	44	26	0	
4	5	44	30	0	
3	5	45	29	0	
3	5	47	27	0	
3	5	48	29	0	
4	3	53	33	0	
4	3	58	36	0	
7	3	61	39	0	
8	3	64	38	0	
6	5	61	35	3	
6	5	62	37	0	
6	6	64	38	0	
9	8	70	38	3	
8	9	68	39	3	
7	8	72	37	3	
5	8	75	40	3	
7	10	74	42	3	
8	9	78	41	3	
11	10	79	43	3	
12	11	79	49	3	
13	11	82	51	3	
13	13	85	49	3	
14	15	90	48	3	
14	14	90	47	3	
16	10	97	45	3	
18	11	96	47	3	
18	11	96	45	3	
18	12	100	45	3	
22	11	103	49	3	
20	14	105	48	3	
22	16	104	49	3	
23	15	105	55	3	
24	16	106	55	3	
26	13	106	63	3	
26	12	103	65	3	
28	11	101	58	3	
30	12	107	61	3	
35	11	110	61	3	
39	13	115	59	3	
40	14	108	66	3	
38	13	111	65	3	
34	12	114	68	3	
38	11	107	67	3	
39	10	112	75	3	
32	12	116	82	0	
35	11	127	85	3	
34	15	132	87	3	
36	15	137	90	3	
35	13	146	95	3	
37	14	147	98	3	
36	13	151	108	3	
42	16	155	110	3	
43	17	151	111	0	
43	19	149	113	0	
43	17	157	124	0	
45	17	160	121	0	
46	16	163	128	0	
50	17	159	119	0	
53	17	153	123	0	
54	19	153	128	0	
53	17	159	135	0	
56	15	160	140	0	
60	16	164	140	0	
60	15	176	138	0	
62	16	186	136	3	
60	16	189	144	0	
63	17	187	145	0	
66	17	190	147	0	
66	19	196	139	3	
67	19	202	148	3	
71	17	217	155	3	
69	19	206	162	0	
71	20	203	163	0	
75	19	209	168	0	
67	22	205	169	0	
66	19	212	168	0	
68	19	226	182	0	
66	18	237	179	3	
71	18	238	189	0	
65	18	237	203	0	
68	17	244	197	0	
74	15	261	208	0	
71	16	253	206	0	
74	19	251	225	0	
77	20	261	226	0	
83	24	265	229	0	
82	27	271	220	0	
85	27	274	227	0	
84	21	271	227	0	
78	21	275	225	0	
78	19	285	219	3	
81	20	273	208	3	
80	19	288	207	3	
75	18	294	215	3	
76	17	283	225	0	
85	19	284	221	3	
87	22	297	225	3	
82	22	316	235	3	
79	23	317	237	3	
78	22	317	247	3	
80	20	318	258	0	
77	21	327	269	0	
78	20	330	280	0	
74	24	331	276	0	
75	27	327	280	0	
79	30	327	281	0	
88	31	320	298	0	
90	30	326	294	0	
88	32	330	299	0	
93	35	342	300	0	
98	38	347	311	0	
98	42	346	314	0	
95	43	360	319	0	
94	45	350	325	0	
90	44	363	314	0	
88	45	357	324	0	
82	40	370	317	0	
87	39	376	321	0	
89	43	381	327	0	
86	45	378	334	0	
88	49	379	332	0	
80	43	374	336	0	
83	42	383	340	0	
85	38	386	347	0	
89	36	375	344	0	
89	32	366	344	0	
90	31	374	338	0	
99	33	375	336	0	
106	32	378	339	0	
101	35	377	340	0	
104	34	392	353	0	
107	40	405	358	0	
104	40	413	368	0	
107	38	402	356	0	
108	41	406	351	0	
104	41	415	369	0	
99	39	403	380	0	
101	41	406	374	0	
100	38	397	377	0	
108	38	389	368	0	
112	37	381	367	0	
112	35	387	369	0	
109	33	393	375	0	
110	33	410	376	0	
114	33	426	369	0	
116	33	439	383	0	
114	34	450	374	3	
112	34	460	369	3	
112	39	447	380	0	
112	40	445	378	0	
112	37	458	367	3	
113	37	481	365	3	
118	37	479	359	3	
121	42	484	357	3	
123	43	505	379	3	
131	46	514	366	3	
133	46	521	368	3	
128	43	516	366	3	
131	43	526	349	3	
132	42	526	358	3	
129	44	541	361	3	
134	45	540	361	3	
130	47	545	356	3	
133	46	543	357	3	
130	49	548	357	3	
130	48	557	352	3	
125	46	574	350	3	
119	45	567	344	3	
115	46	586	345	3	
112	43	597	334	3	
106	46	621	330	3	
102	49	624	344	3	
99	49	634	347	3	
96	52	626	360	3	
89	51	648	353	3	
88	48	641	358	3	
87	50	660	354	3	
87	49	665	360	3	
89	49	664	358	3	
89	49	652	359	3	
90	53	650	352	3	
94	54	646	354	3	
101	58	644	354	3	
96	52	672	344	3	
99	52	680	334	3	
100	51	696	327	3	
103	49	691	346	3	
104	54	697	350	3	
109	47	692	345	3	
103	48	697	348	3	
110	49	706	363	3	
111	51	712	375	3	
115	50	717	366	3	
114	48	719	374	3	
115	44	702	383	3	
112	46	693	404	3	
108	44	676	404	3	
100	45	681	420	3	
101	44	697	442	3	
100	43	720	457	3	
107	48	730	458	3	
117	49	736	466	3	
115	47	730	463	3	
121	49	722	458	3	
116	51	749	461	3	
117	53	739	472	3	
123	58	737	462	3	
126	59	733	463	3	
127	58	739	475	3	
124	63	764	471	3	
125	61	760	453	3	
129	62	782	455	3	
126	61	776	471	3	
117	62	772	478	3	
115	63	754	489	3	
115	67	771	481	3	
112	64	793	497	3	
120	64	814	516	3	
121	65	801	514	3	
125	57	807	517	3	
119	60	801	514	3	
121	64	805	497	3	
122	68	812	503	3	
116	68	801	502	3	
116	68	797	506	3	
117	67	805	505	3	
109	78	791	499	3	
111	71	796	497	3	
112	77	794	505	3	
110	84	808	489	3	
109	89	805	493	3	
111	92	819	502	3	
109	91	796	524	3	
110	99	796	517	3	
102	102	795	515	3	
102	100	798	513	3	
105	100	811	510	3	
102	100	847	506	3	
104	94	848	501	3	
102	99	878	502	3	
108	96	866	509	3	
105	96	858	506	3	
106	98	842	503	3	
110	94	872	499	3	
105	96	867	516	3	
114	93	861	531	3	
119	86	871	533	3	
111	90	869	529	3	
100	90	871	534	3	
101	93	867	519	3	
102	90	859	514	3	
102	87	846	535	3	
100	87	849	533	3	
92	82	842	531	3	
90	82	845	526	3	
97	88	859	513	3	
102	79	864	495	3	
95	86	874	490	3	
95	89	878	491	3	
89	94	899	497	3	
81	95	898	500	3	
85	95	854	492	3	
79	90	853	489	3	
85	93	844	475	3	
88	95	852	477	3	
82	92	869	465	3	
86	85	859	485	3	
83	86	848	485	3	
90	82	843	490	3	
87	87	853	501	3	
88	85	852	505	3	
85	85	859	515	3	
81	85	845	500	3	
80	89	855	504	3	
86	89	877	507	3	
78	84	876	508	3	
82	86	891	513	3	
83	80	901	522	3	
83	73	864	525	3	
79	69	887	525	3	
79	71	884	527	3	
77	69	878	523	3	
86	71	887	515	3	
87	75	889	513	3	
92	73	882	519	3	
96	72	903	536	3	
92	65	902	538	3	
93	62	889	552	3	
90	61	896	567	3	
89	68	908	559	3	
81	64	901	538	3	
87	64	904	534	3	
80	68	909	532	3	
79	71	908	537	3	
88	65	906	548	3	
87	65	909	532	3	
87	70	929	543	3	
91	70	941	554	3	
88	68	944	543	3	
88	73	954	546	3	
87	80	947	546	3	
88	76	942	550	3	
87	66	953	548	3	
83	65	967	548	3	
85	65	979	543	3	
72	65	986	524	3	
70	66	997	535	3	
65	65	981	542	3	
68	65	986	533	3	
69	65	1004	523	3	
71	62	993	516	3	
75	59	1009	507	3	
85	58	1025	502	3	
84	58	1022	485	3	
80	61	1014	468	3	
76	63	1028	472	3	
77	65	1012	483	3	
81	68	1020	474	3	
84	64	1016	479	3	
85	58	1015	472	3	
90	57	1030	480	3	
95	53	1032	493	3	
93	54	1027	487	3	
96	58	1017	490	3	
94	55	1023	489	3	
92	52	1056	495	3	
101	54	1044	485	3	
101	51	1055	484	3	
102	52	1037	491	3	
102	50	1049	500	3	
104	52	1037	478	3	
110	51	1024	467	3	
111	46	1017	469	3	
108	48	1008	471	3	
105	46	1007	467	3	
102	46	1010	474	3	
102	50	1006	472	3	
100	52	1006	483	3	
103	51	1022	481	3	
107	50	994	492	3	
102	47	991	495	3	
105	48	1004	501	3	
105	51	1001	494	3	
107	55	1015	486	3	
104	57	1022	472	3	
101	56	1028	468	3	
108	47	1022	476	3	
117	45	1023	470	3	
119	45	1016	467	3	
115	48	973	465	3	
115	50	963	462	3	
123	55	986	469	3	
127	54	992	466	3	
128	52	993	457	3	
121	56	985	448	3	
128	53	982	458	3	
137	57	988	455	3	
141	58	1000	450	3	
145	55	1030	446	3	
140	51	1025	426	3	
135	57	1018	421	3	
142	54	1013	418	3	
154	57	1033	427	3	
155	56	1045	425	3	
156	58	1035	426	3	
149	63	1017	428	3	
142	59	1000	414	3	
134	64	1003	399	3	
130	58	1037	393	3	
131	57	1028	398	3	
136	61	1018	398	3	
143	64	990	398	3	
147	60	992	392	3	
144	62	1003	384	3	
133	60	994	387	3	
137	57	1002	388	3	
131	61	1000	379	3	
125	59	983	377	3	
125	59	1026	371	3	
132	56	1000	361	3	
128	55	1012	379	3	
124	60	1000	384	3	
133	58	992	389	3	
137	53	968	386	3	
129	53	992	388	3	
130	58	990	384	3	
127	59	981	381	3	
126	54	991	372	3	
126	54	997	370	3	
126	57	982	362	3	
132	57	982	372	3	
132	53	983	370	3	
134	54	1004	360	3	
126	53	996	361	3	
132	56	997	365	3	
145	55	981	363	3	
143	53	969	361	3	
142	53	987	371	3	
145	48	1002	367	3	
150	49	998	374	3	
148	55	1022	378	3	
143	54	1020	382	3	
138	50	1045	387	3	
136	51	1054	373	3	
136	48	1057	378	3	
144	53	1057	370	3	
138	55	1069	359	3	
133	57	1072	349	3	
140	59	1072	342	3	
153	56	1068	336	3	
149	54	1048	329	3	
151	55	1043	334	3	
147	54	1032	329	3	
147	49	1040	341	3	
133	45	1047	341	3	
131	43	1047	345	3	
125	47	1051	340	3	
125	47	1045	340	3	
120	45	1051	328	3	
132	42	1028	342	3	
131	42	1009	342	3	
123	42	1007	349	3	
127	43	992	356	3	
130	46	992	349	3	
127	46	1005	342	3	
128	46	1009	333	3	
123	52	995	327	3	
114	50	981	328	3	
116	53	981	332	3	
114	55	984	335	3	
107	53	1015	331	3	
107	50	1007	341	3	
107	53	1047	339	3	
103	53	1051	340	3	
93	50	1043	335	3	
95	48	1041	319	3	
101	47	1036	322	3	
96	46	1061	314	3	
86	48	1031	306	3	
92	49	1031	312	3	
97	47	1007	321	3	
98	50	996	322	3	
104	48	995	313	3	
99	51	988	317	3	
100	54	991	322	3	
95	53	990	319	3	
96	53	1004	330	3	
90	51	1034	327	3	
86	50	1045	330	3	
85	48	1049	317	3	
83	41	1034	322	3	
75	38	1014	338	3	
72	38	1012	329	3	
74	39	1009	338	3	
70	37	1017	325	3	
71	37	1018	334	3	
74	40	1019	335	3	
79	39	1038	336	3	
76	39	1052	339	3	
81	38	1052	344	3	
90	39	1075	349	3	
88	45	1078	336	3	
95	40	1079	320	3	
89	41	1096	330	3	
91	44	1108	337	3	
94	45	1121	336	3	
91	43	1137	341	3	
92	42	1129	335	3	
85	36	1135	330	3	
83	37	1144	333	3	
91	37	1147	332	3	
95	35	1138	350	3	
96	40	1141	345	3	
95	37	1133	333	3	
99	39	1125	329	3	
98	45	1113	338	3	
95	43	1111	323	3	
94	44	1099	328	3	
94	50	1098	337	3	
90	56	1083	328	3	
96	50	1122	304	3	
93	52	1127	301	3	
94	49	1140	294	3	
98	51	1140	295	3	
92	52	1123	280	3	
98	50	1125	287	3	
100	53	1145	285	3	
105	50	1142	276	3	
102	52	1132	275	3	
99	49	1120	275	3	
104	46	1135	277	3	
102	48	1143	269	3	
110	50	1139	283	3	
114	49	1149	290	3	
113	46	1155	294	3	
109	48	1157	298	3	
108	49	1185	298	3	
101	48	1150	290	3	
107	48	1136	286	3	
106	48	1164	289	3	
111	47	1140	291	3	
113	48	1113	296	3	
110	48	1122	298	3	
115	45	1138	289	3	
115	46	1158	284	3	
113	45	1175	276	3	
114	43	1144	282	3	
123	43	1141	284	3	
118	47	1169	277	3	
122	47	1175	280	3	
122	41	1182	271	3	
123	41	1150	272	3	
116	41	1155	258	3	
119	41	1158	265	3	
120	39	1151	264	3	
109	44	1161	264	3	
109	44	1125	271	3	
108	44	1142	267	3	
102	44	1128	265	3	
100	44	1115	277	3	
105	41	1116	273	3	
106	43	1131	275	3	
102	40	1135	272	3	
98	39	1118	273	3	
101	40	1133	263	3	
107	42	1136	264	3	
105	42	1145	266	3	
108	43	1123	266	3	
109	44	1105	264	3	
110	45	1115	271	3	
100	48	1116	280	3	
103	45	1128	281	3	
107	47	1107	275	3	
109	47	1096	280	3	
111	54	1082	280	3	
112	50	1074	272	3	
119	56	1099	286	3	
120	52	1086	290	3	
126	51	1085	288	3	
131	54	1088	292	3	
128	55	1084	293	3	
130	56	1093	287	3	
132	55	1074	294	3	
146	57	1077	284	3	
149	58	1066	280	3	
149	55	1082	272	3	
149	56	1055	269	3	
151	54	1068	276	3	
144	56	1065	267	3	
143	53	1083	269	3	
132	54	1073	280	3	
133	52	1096	285	3	
141	58	1087	281	3	
142	57	1071	281	3	
153	51	1063	285	3	
147	53	1077	291	3	
147	54	1075	287	3	
143	53	1078	280	3	
137	50	1078	283	3	
138	47	1077	290	3	
135	47	1045	289	3	
140	46	1065	284	3	
140	49	1080	282	3	
137	46	1074	286	3	
129	50	1098	283	3	
130	47	1079	280	3	
130	49	1060	280	3	
132	47	1057	272	3	
133	49	1073	263	3	
129	45	1061	255	3	
132	42	1094	257	3	
127	44	1080	242	3	
131	43	1052	238	3	
136	43	1037	237	3	
142	46	1023	234	3	
139	44	1009	238	3	
142	47	999	240	3	
141	41	984	228	3	
140	42	983	230	3	
145	42	987	225	3	
140	48	1005	219	3	
139	47	1015	213	3	
139	45	1023	215	3	
141	47	1051	219	3	
136	47	1041	220	3	
138	55	1023	213	3	
130	46	1009	217	3	
125	48	1011	209	3	
125	54	1035	222	3	
130	57	1050	216	3	
126	56	1077	217	3	
121	57	1083	216	3	
125	56	1097	216	3	
128	58	1113	214	3	
133	56	1138	211	3	
134	51	1137	209	3	
136	49	1115	194	3	
135	47	1129	189	3	
135	48	1134	189	3	
137	47	1136	191	3	
135	47	1141	186	3	
137	48	1160	189	3	
134	39	1184	192	3	
131	44	1179	199	3	
128	40	1160	198	3	
130	39	1146	188	3	
134	46	1135	185	3	
135	49	1127	189	3	
138	48	1116	195	3	
134	48	1097	200	3	
134	44	1097	201	3	
131	47	1112	203	3	
125	47	1108	209	3	
118	42	1109	200	3	
119	41	1117	201	3	
115	44	1108	189	3	
118	46	1105	181	3	
120	44	1098	178	3	
121	39	1133	166	3	
123	39	1127	164	3	
131	41	1127	170	3	
140	42	1121	173	3	
144	41	1126	172	3	
145	41	1118	183	3	
135	45	1131	195	3	
130	48	1144	191	3	
125	43	1163	184	3	
124	39	1161	174	3	
121	41	1180	181	3	
122	43	1161	176	3	
124	40	1155	180	3	
130	41	1163	183	3	
133	37	1155	184	3	
139	38	1173	187	3	
138	37	1178	172	3	
143	37	1163	182	3	
140	36	1168	175	3	
140	36	1148	187	3	
137	37	1165	179	3	
137	37	1172	171	3	
145	37	1182	170	3	
146	41	1170	173	3	
147	43	1170	176	3	
155	42	1174	171	3	
153	39	1206	175	3	
147	35	1209	175	3	
139	36	1197	174	3	
141	36	1235	178	3	
139	38	1215	171	3	
146	37	1196	176	3	
135	41	1205	185	3	
123	44	1180	189	3	
126	45	1156	190	3	
132	48	1151	190	3	
129	40	1130	198	3	
129	39	1108	184	3	
130	38	1122	186	3	
130	36	1128	182	3	
130	38	1140	195	3	
130	41	1162	200	3	
130	40	1139	212	3	
124	43	1150	219	3	
115	45	1138	212	3	
105	47	1156	215	3	
99	45	1160	219	3	
106	43	1152	230	3	
114	47	1150	229	3	
113	47	1169	223	3	
117	47	1189	214	3	
122	49	1169	202	3	
126	48	1159	205	3	
123	47	1174	205	3	
118	47	1195	214	3	
121	48	1197	213	3	
120	46	1198	214	3	
122	47	1193	223	3	
122	49	1195	221	3	
133	46	1200	222	3	
129	46	1216	217	3	
124	42	1217	212	3	
124	43	1214	216	3	
123	40	1189	208	3	
120	44	1190	202	3	
126	46	1201	204	3	
123	42	1218	202	3	
125	47	1213	209	3	
125	48	1207	207	3	
118	46	1185	204	3	
121	46	1181	205	3	
128	47	1204	209	3	
128	45	1194	206	3	
127	44	1207	212	3	
128	43	1204	214	3	
125	42	1172	212	3	
126	44	1167	222	3	
121	49	1169	228	3	
119	49	1183	233	3	
114	50	1212	246	3	
111	47	1218	240	3	
102	47	1230	236	3	
104	45	1236	240	3	
99	40	1230	236	3	
102	39	1236	235	3	
105	36	1244	237	3	
99	33	1247	231	3	
100	33	1254	229	3	
100	33	1247	222	3	
101	33	1230	215	3	
101	31	1256	219	3	
99	31	1253	225	3	
97	30	1275	219	3	
99	30	1297	221	3	
98	29	1262	223	3	
98	27	1263	221	3	
98	25	1257	228	3	
101	25	1251	227	3	
94	23	1257	221	3	
88	22	1257	221	3	
85	23	1251	214	3	
91	27	1229	217	3	
92	29	1220	211	3	
92	32	1228	203	3	
87	28	1215	194	3	
87	30	1233	195	3	
85	28	1257	192	3	
89	31	1251	195	3	
96	30	1229	195	3	
91	32	1238	189	3	
95	30	1228	193	3	
94	27	1242	193	3	
99	26	1245	185	3	
95	26	1253	177	3	
90	27	1256	185	3	
88	25	1245	183	3	
86	26	1259	175	3	
91	24	1266	172	3	
89	23	1260	168	3	
81	25	1275	162	3	
80	24	1267	162	3	
83	20	1265	165	3	
82	23	1257	160	3	
82	27	1252	162	3	
81	25	1260	158	3	
86	26	1254	143	3	
80	26	1259	149	3	
76	27	1282	157	3	
75	26	1279	156	3	
73	27	1288	146	3	
68	26	1291	137	3	
70	25	1325	141	3	
74	26	1298	133	3	
77	28	1300	135	3	
80	26	1292	139	3	
80	27	1305	137	3	
75	30	1310	143	3	
77	31	1315	141	3	
83	32	1277	145	3	
87	32	1285	144	3	
83	30	1288	135	3	
84	30	1279	128	3	
90	27	1265	133	3	
94	26	1241	130	3	
94	25	1244	141	3	
91	23	1251	137	3	
90	25	1283	140	3	
92	20	1293	139	3	
92	20	1294	145	3	
87	20	1277	137	3	
89	19	1266	147	3	
82	17	1286	145	3	
81	17	1298	149	3	
80	18	1320	155	3	
81	17	1332	165	3	
78	18	1314	162	3	
85	16	1302	160	3	
88	16	1286	157	3	
91	18	1285	157	3	
99	21	1314	145	3	
97	21	1313	136	3	
90	20	1323	144	3	
88	19	1313	142	3	
93	21	1305	140	3	
89	21	1309	144	3	
90	21	1309	142	3	
93	20	1321	145	3	
88	19	1291	138	3	
84	18	1277	135	3	
87	19	1291	145	3	
90	19	1291	148	3	
94	19	1306	148	3	
92	19	1317	151	3	
98	23	1337	153	3	
93	22	1343	158	3	
98	21	1346	160	3	
92	20	1358	155	3	
92	19	1389	158	3	
99	19	1361	153	3	
107	24	1341	159	3	
106	25	1327	156	3	
104	28	1310	156	3	
102	22	1294	149	3	
102	26	1278	161	3	
106	29	1264	161	3	
92	29	1276	160	3	
92	31	1271	161	3	
93	34	1286	172	3	
83	30	1302	163	3	
85	30	1261	165	3	
85	32	1299	165	3	
83	31	1311	168	3	
83	30	1317	159	3	
88	29	1310	151	3	
85	32	1282	158	3	
88	31	1278	167	3	
94	32	1259	170	3	
99	30	1262	170	3	
103	34	1254	164	3	
105	32	1253	168	3	
103	30	1237	170	3	
105	25	1226	162	3	
106	24	1236	160	3	
103	25	1215	163	3	
105	22	1232	168	3	
99	21	1238	165	3	
95	25	1238	165	3	
91	23	1244	166	3	
97	25	1246	169	3	
93	25	1242	169	3	
88	26	1255	163	3	
85	24	1243	166	3	
84	24	1254	159	3	
86	22	1262	158	3	
88	24	1254	162	3	
88	24	1248	166	3	
90	24	1247	163	3	
89	23	1229	165	3	
95	19	1236	167	3	
99	22	1235	166	3	
100	22	1246	162	3	
86	24	1256	165	3	
91	22	1219	153	3	
84	22	1210	148	3	
88	22	1183	144	3	
90	24	1186	142	3	
93	24	1180	136	3	
92	26	1176	139	3	
92	27	1184	145	3	
94	27	1201	143	3	
94	26	1207	132	3	
96	23	1223	143	3	
105	27	1225	135	3	
111	25	1239	136	3	
106	29	1258	153	3	
103	33	1240	154	3	
110	31	1239	148	3	
110	27	1243	154	3	
104	29	1227	157	3	
110	30	1227	155	3	
103	31	1212	150	3	
105	34	1219	144	3	
104	35	1215	154	3	
101	36	1232	155	3	
108	41	1255	153	3	
100	40	1251	152	3	
95	42	1229	144	3	
94	44	1239	140	3	
97	47	1227	136	3	
94	47	1211	140	3	
93	48	1186	143	3	
99	47	1186	151	3	
101	49	1186	147	3	
96	48	1186	147	3	
96	45	1185	154	3	
96	44	1192	156	3	
98	45	1208	151	3	
98	43	1203	156	3	
104	39	1208	156	3	
98	39	1217	154	3	
97	35	1215	154	3	
104	32	1204	152	3	
105	29	1209	154	3	
111	28	1227	146	3	
110	27	1252	145	3	
108	25	1260	152	3	
115	27	1230	149	3	
120	25	1225	145	3	
126	25	1239	141	3	
125	27	1235	144	3	
127	27	1224	144	3	
130	29	1220	146	3	
128	33	1232	150	3	
123	32	1235	143	3	
129	32	1260	143	3	
131	34	1262	139	3	
124	32	1257	133	3	
118	33	1280	137	3	
114	36	1284	135	3	
117	36	1322	142	3	
114	37	1300	139	3	
112	39	1274	136	3	
122	40	1270	135	3	
121	46	1268	131	3	
136	44	1279	125	3	
126	40	1281	130	3	
133	40	1275	128	3	
138	40	1261	134	3	
141	39	1266	131	3	
134	36	1293	135	3	
137	29	1308	144	3	
137	30	1315	147	3	
136	27	1319	146	3	
138	23	1366	143	3	
138	26	1359	142	3	
141	29	1345	138	3	
134	29	1316	136	3	
134	31	1315	134	3	
132	29	1308	134	3	
127	31	1294	132	3	
132	33	1288	131	3	
137	33	1292	130	3	
138	33	1289	132	3	
144	34	1288	132	3	
143	34	1283	139	3	
144	32	1249	134	3	
151	29	1253	135	3	
146	28	1253	141	3	
144	28	1266	143	3	
137	32	1280	145	3	
133	34	1270	138	3	
133	36	1250	141	3	
136	36	1245	144	3	
141	38	1267	150	3	
136	34	1243	146	3	
143	35	1247	143	3	
142	38	1266	145	3	
148	38	1249	138	3	
151	37	1220	145	3	
159	33	1243	144	3	
153	31	1239	140	3	
161	26	1223	141	3	
162	22	1239	143	3	
164	21	1238	150	3	
157	22	1246	141	3	
165	23	1220	141	3	
172	24	1232	143	3	
167	23	1216	151	3	
161	22	1206	152	3	
161	19	1211	150	3	
158	16	1237	157	3	
159	17	1217	165	3	
150	18	1217	163	3	
154	23	1219	158	3	
147	30	1197	149	3	
153	31	1186	144	3	
