2	0	0	0	0	
2	0	2	0	0	
3	0	3	1	0	
3	0	3	1	0	
6	0	3	1	0	
6	0	5	1	0	
4	1	4	1	0	
5	0	5	1	0	
5	1	3	1	0	
5	1	2	3	0	
7	1	3	3	0	
7	1	2	3	0	
6	1	2	3	0	
6	1	2	2	0	
6	2	2	3	0	
6	3	1	3	0	
6	2	1	5	0	
6	3	1	5	0	
6	3	1	6	0	
6	3	1	6	0	
8	3	1	6	0	
9	5	1	8	0	
10	5	1	7	0	
10	6	1	7	0	
11	6	2	7	0	
13	6	2	7	0	
16	7	1	9	0	
16	6	2	9	0	
16	5	2	10	0	
17	4	0	11	0	
16	6	0	11	0	
19	7	0	11	0	
22	7	0	12	0	
23	9	0	13	0	
21	8	0	12	0	
23	9	1	14	0	
27	10	1	14	0	
29	10	2	16	0	
30	11	2	15	0	
31	13	1	13	1	
34	15	1	15	1	
31	15	2	18	0	
31	16	4	17	0	
26	16	4	19	0	
30	16	4	17	0	
32	19	6	18	0	
31	16	7	17	0	
29	14	8	17	0	
33	13	7	16	0	
33	12	9	16	0	
35	13	10	16	1	
32	9	10	20	0	
31	7	12	17	0	
34	8	13	16	0	
32	8	13	16	0	
37	9	14	17	1	
39	10	14	19	1	
35	8	14	19	0	
32	8	14	20	0	
32	9	13	22	0	
28	10	13	22	0	
29	9	13	25	0	
28	9	12	25	0	
28	9	12	26	0	
25	9	11	27	0	
30	8	13	24	0	
32	10	12	21	0	
29	9	14	23	0	
27	11	13	20	0	
30	9	14	21	0	
29	8	18	19	0	
26	8	16	20	0	
28	9	11	23	0	
30	10	10	22	0	
29	11	11	23	0	
29	12	11	21	0	
30	12	11	21	0	
33	13	12	23	0	
33	14	14	23	0	
30	16	14	23	0	
30	14	11	25	0	
30	15	10	24	0	
28	15	12	23	0	
29	18	11	22	0	
29	16	11	22	0	
31	16	12	20	0	
31	14	11	21	0	
30	16	11	20	0	
31	15	11	20	0	
35	15	10	22	0	
33	17	9	22	0	
31	17	10	21	0	
26	14	9	19	0	
21	15	9	18	0	
22	14	10	17	0	
23	14	13	17	0	
25	17	12	16	0	
26	16	13	16	0	
30	15	13	17	0	
29	18	13	16	0	
29	17	13	16	0	
29	18	11	16	0	
28	16	9	18	0	
28	13	12	15	0	
32	13	12	17	0	
34	10	13	16	0	
34	7	15	16	0	
35	7	15	15	1	
35	8	15	17	0	
35	7	19	17	0	
33	7	21	15	0	
30	6	21	15	0	
30	6	19	13	0	
29	4	21	14	0	
26	6	19	14	0	
26	6	17	12	0	
26	4	15	12	0	
25	4	16	12	0	
33	4	16	12	0	
35	3	14	13	1	
40	5	14	14	1	
41	4	14	15	1	
40	4	16	15	1	
40	3	15	16	1	
38	3	14	16	1	
43	3	14	16	1	
43	3	12	19	1	
42	3	13	17	1	
44	4	14	17	1	
40	6	13	16	1	
40	7	11	17	1	
40	8	11	18	1	
36	8	12	16	1	
36	9	14	18	0	
37	10	12	19	0	
36	8	12	20	0	
34	11	14	19	0	
32	10	18	18	0	
36	9	19	18	0	
34	11	18	15	0	
32	12	21	16	0	
29	12	21	17	0	
23	11	19	17	0	
22	12	23	19	0	
22	11	27	17	0	
21	10	26	17	0	
20	11	26	17	0	
21	10	27	18	0	
20	8	21	19	0	
21	9	24	18	0	
19	9	23	14	0	
17	11	22	16	0	
16	9	20	17	0	
16	10	22	19	0	
15	10	22	17	0	
15	10	21	19	0	
14	10	20	18	0	
12	8	22	19	0	
11	10	22	21	0	
12	9	26	21	0	
13	7	29	19	0	
15	6	28	19	0	
16	8	33	18	0	
17	6	34	17	0	
19	6	31	14	0	
21	6	29	14	0	
19	6	29	14	0	
21	6	28	14	0	
22	6	27	13	0	
19	7	27	13	0	
20	5	26	13	0	
19	5	28	9	0	
22	6	29	8	0	
21	8	27	6	0	
17	7	30	7	0	
19	8	30	6	0	
18	9	33	7	0	
20	9	31	8	0	
18	10	30	7	0	
17	8	29	8	0	
16	10	30	9	0	
17	10	32	10	0	
14	10	33	11	3	
14	10	34	9	3	
16	8	34	8	0	
17	7	36	7	3	
18	8	35	8	0	
21	7	38	8	0	
20	8	38	9	0	
20	7	38	9	0	
21	8	40	7	0	
22	7	44	7	3	
25	6	46	7	0	
24	6	48	6	3	
24	5	46	7	3	
20	6	44	8	3	
18	8	40	8	3	
19	6	42	10	3	
20	7	44	10	3	
18	7	41	10	3	
19	6	39	8	3	
17	4	38	8	3	
20	5	39	10	0	
19	4	35	12	0	
21	4	34	10	0	
20	4	31	9	0	
20	4	32	10	0	
19	3	33	11	0	
21	3	37	10	0	
20	5	41	9	3	
20	5	44	8	3	
22	5	43	8	3	
20	6	43	8	3	
19	5	41	8	3	
19	6	41	9	3	
20	7	37	7	0	
20	7	36	9	0	
22	7	35	11	0	
21	5	36	12	0	
20	5	38	13	0	
21	5	35	11	0	
21	4	39	10	0	
20	4	36	10	0	
23	3	35	10	0	
26	4	37	9	0	
26	4	35	8	0	
24	4	38	8	0	
22	2	36	9	0	
23	1	38	9	0	
21	1	41	9	0	
22	3	37	11	0	
21	3	39	12	0	
20	3	37	11	0	
18	3	33	13	0	
18	3	34	12	0	
17	3	38	12	3	
18	4	33	9	0	
20	4	31	10	0	
18	4	30	9	0	
19	7	33	9	0	
19	7	30	10	0	
16	9	33	9	0	
16	8	34	7	0	
18	10	32	7	0	
19	12	33	6	0	
16	13	34	8	0	
15	14	38	8	3	
16	12	33	9	0	
18	13	32	10	0	
16	13	33	11	0	
15	12	32	11	0	
16	10	33	10	0	
17	8	32	11	0	
15	8	32	11	0	
18	8	29	11	0	
15	10	29	11	0	
14	11	33	14	3	
18	10	29	13	0	
16	7	32	14	0	
16	6	32	14	0	
14	6	26	15	0	
12	5	28	18	0	
10	4	31	21	0	
13	2	32	17	0	
12	2	31	13	3	
11	1	31	12	3	
11	2	30	13	3	
14	2	30	15	0	
15	3	28	14	0	
16	3	25	17	0	
18	4	26	16	0	
18	6	27	16	0	
17	6	27	16	0	
18	6	29	15	0	
19	4	25	13	0	
23	5	23	13	0	
24	6	21	12	0	
20	6	23	14	0	
15	7	26	15	0	
14	6	31	17	0	
14	5	29	17	0	
12	7	30	18	0	
12	9	27	18	0	
11	8	26	19	0	
13	9	25	17	0	
14	6	31	17	0	
12	8	31	16	0	
12	9	36	15	3	
15	10	36	12	3	
14	9	33	14	3	
13	12	32	14	3	
16	12	34	12	0	
13	13	36	13	3	
12	13	39	13	3	
15	13	37	12	3	
14	12	39	10	3	
13	9	37	10	3	
11	10	38	13	3	
10	11	36	13	3	
9	7	42	14	3	
11	7	42	10	3	
12	8	42	9	3	
12	7	41	9	3	
11	7	46	10	3	
10	6	45	12	3	
9	8	44	9	3	
11	10	49	8	3	
12	10	47	6	3	
11	11	46	6	3	
12	12	43	6	3	
12	14	41	6	3	
10	14	43	6	3	
11	11	39	6	3	
13	11	44	4	3	
13	13	45	4	3	
14	13	42	5	3	
13	14	47	6	3	
14	16	48	5	3	
13	15	45	5	3	
12	13	45	4	3	
12	17	45	4	3	
13	17	44	3	3	
12	17	45	2	3	
13	18	46	3	3	
10	18	43	4	3	
10	20	45	3	3	
9	19	47	3	3	
9	20	44	3	3	
6	15	40	3	3	
8	16	36	3	3	
9	14	38	5	3	
8	12	36	6	3	
7	10	33	5	3	
9	6	34	5	3	
10	6	37	6	3	
10	6	41	6	3	
11	7	42	7	3	
12	8	46	5	3	
13	9	43	5	3	
13	10	39	7	3	
12	9	37	7	3	
12	9	33	10	3	
12	10	38	9	3	
10	11	41	11	3	
9	11	38	11	3	
9	13	33	8	3	
11	12	30	7	3	
12	12	32	7	3	
12	11	33	6	3	
10	12	35	6	3	
11	14	34	6	3	
9	12	35	6	3	
9	14	33	8	3	
9	14	32	8	3	
8	12	33	8	3	
7	12	34	10	3	
7	10	31	11	3	
6	11	35	10	3	
5	7	38	9	3	
6	9	42	7	3	
6	12	40	7	3	
7	11	37	7	3	
9	11	44	7	3	
10	11	47	8	3	
8	11	50	8	3	
8	10	48	7	3	
7	10	50	8	3	
7	9	48	9	3	
7	9	44	9	3	
8	10	38	8	3	
9	9	39	8	3	
9	7	35	7	3	
8	8	36	6	3	
11	8	38	3	3	
12	8	37	2	3	
9	7	35	2	3	
10	7	36	2	3	
10	7	37	3	3	
10	10	38	3	3	
8	10	40	3	3	
8	11	44	3	3	
5	15	42	2	3	
7	15	38	2	3	
8	16	37	3	3	
8	16	39	3	3	
9	15	41	4	3	
13	13	45	4	3	
14	14	43	6	3	
11	13	41	7	3	
11	11	44	6	3	
10	11	44	7	3	
13	9	41	8	3	
13	10	38	9	3	
11	10	34	9	3	
11	10	35	10	3	
12	10	36	9	3	
12	11	36	8	3	
11	12	35	10	3	
13	8	29	11	0	
14	7	32	7	3	
12	9	28	6	0	
13	9	28	8	0	
12	8	23	6	0	
12	7	20	5	0	
11	9	20	4	0	
11	11	21	5	0	
11	11	20	6	0	
11	12	23	6	0	
9	11	23	6	0	
11	11	22	7	0	
11	11	21	8	0	
11	10	18	9	0	
12	10	19	7	0	
12	11	19	8	0	
10	13	22	9	0	
11	14	24	9	0	
12	15	22	10	0	
13	14	22	12	0	
11	14	25	14	0	
12	12	27	15	0	
11	11	28	16	0	
11	8	22	16	0	
13	10	22	16	0	
11	8	20	16	0	
14	8	17	15	0	
15	9	19	18	0	
11	9	21	17	0	
12	12	18	18	0	
11	11	22	19	0	
11	10	25	20	0	
15	12	23	22	0	
14	14	20	23	0	
14	13	22	24	0	
15	15	20	24	0	
14	14	20	21	0	
14	14	19	21	0	
15	14	19	19	0	
14	15	19	19	0	
13	13	20	19	0	
11	15	21	19	0	
10	13	18	22	0	
8	11	20	23	0	
10	13	20	25	0	
9	12	18	27	0	
6	12	18	26	0	
7	12	19	24	0	
9	13	20	24	0	
10	13	21	24	0	
10	11	18	22	0	
11	11	20	24	0	
14	10	22	22	0	
15	11	21	23	0	
14	13	20	23	0	
16	14	19	20	0	
18	14	19	20	0	
17	14	21	18	0	
19	13	18	21	0	
17	15	16	18	0	
14	14	18	18	0	
11	13	15	20	0	
13	15	15	19	0	
11	12	15	20	0	
10	10	14	18	0	
12	8	16	17	0	
15	8	17	18	0	
16	8	18	21	0	
15	8	19	21	0	
15	9	21	22	0	
14	8	23	24	0	
16	6	24	22	0	
16	6	23	21	0	
17	6	21	21	0	
17	6	20	20	0	
19	7	18	18	0	
20	9	18	21	0	
21	8	18	25	0	
20	8	17	25	0	
22	8	18	24	0	
22	8	16	22	0	
21	8	14	21	0	
22	7	13	20	0	
24	7	14	22	0	
27	5	15	22	0	
29	4	15	23	0	
30	4	15	23	0	
32	4	17	25	0	
33	3	18	23	0	
29	3	15	23	0	
27	3	16	22	0	
29	3	16	24	0	
28	3	14	26	0	
29	2	14	22	0	
30	2	12	22	0	
31	2	14	26	0	
31	3	16	28	0	
30	3	16	25	0	
29	2	15	27	0	
29	2	14	28	0	
29	1	14	30	0	
32	1	15	29	0	
28	1	15	30	0	
27	1	15	29	0	
26	1	15	29	0	
25	2	14	25	0	
27	2	16	24	0	
27	2	14	22	0	
30	2	16	20	0	
35	2	17	19	0	
36	2	19	17	0	
35	2	17	18	0	
34	1	15	19	0	
34	1	16	19	0	
34	1	19	20	0	
31	1	17	22	0	
31	1	15	21	0	
29	1	16	20	0	
31	1	18	19	0	
31	1	18	20	0	
30	1	19	22	0	
28	4	20	22	0	
29	5	20	19	0	
29	6	22	19	0	
28	6	19	17	0	
29	7	19	15	0	
25	8	19	16	0	
24	6	20	15	0	
25	7	21	14	0	
30	8	20	15	0	
31	7	19	15	0	
30	5	18	15	0	
26	5	17	14	0	
27	6	16	17	0	
27	4	15	15	0	
24	4	16	15	0	
26	2	14	13	0	
26	2	16	11	0	
24	2	17	12	0	
22	1	17	12	0	
23	2	18	13	0	
24	2	17	13	0	
23	2	17	15	0	
22	2	18	15	0	
22	1	19	15	0	
24	1	20	15	0	
24	1	20	14	0	
23	2	22	13	0	
22	3	19	11	0	
24	2	20	12	0	
22	1	21	12	0	
22	0	24	14	0	
21	1	25	13	0	
21	1	27	15	0	
22	1	29	14	0	
21	1	28	14	0	
21	3	23	16	0	
22	3	23	15	0	
24	3	25	16	0	
25	4	22	16	0	
23	5	23	19	0	
24	5	24	22	0	
27	5	23	23	0	
29	5	23	20	0	
25	3	20	23	0	
26	3	24	24	0	
28	3	23	22	0	
26	4	21	22	0	
29	5	22	18	0	
30	4	18	17	0	
31	4	18	15	0	
31	5	18	14	0	
32	3	19	15	0	
33	4	17	18	0	
33	3	17	22	0	
36	3	20	20	0	
31	4	17	20	0	
29	5	19	18	0	
30	1	17	19	0	
30	1	19	18	0	
37	1	20	18	0	
36	2	21	19	0	
35	1	19	19	0	
32	2	19	18	0	
30	2	20	18	0	
33	2	18	18	0	
31	3	17	14	0	
30	2	18	14	0	
25	3	18	14	0	
23	3	19	13	0	
24	3	19	13	0	
23	4	22	11	0	
23	4	24	13	0	
23	4	26	12	0	
23	4	24	13	0	
23	3	22	15	0	
23	3	22	14	0	
22	4	24	15	0	
23	2	22	15	0	
23	2	22	15	0	
23	3	22	16	0	
24	3	22	14	0	
25	2	22	16	0	
24	2	22	15	0	
23	3	21	14	0	
23	3	21	13	0	
24	2	20	14	0	
26	2	24	14	0	
27	2	20	15	0	
27	3	21	15	0	
28	2	21	16	0	
24	2	23	14	0	
23	4	23	15	0	
23	5	23	14	0	
20	4	21	14	0	
22	6	23	13	0	
22	5	25	13	0	
22	6	29	12	0	
24	6	28	11	0	
23	7	27	11	0	
25	7	30	11	0	
23	6	28	10	0	
23	5	27	11	0	
21	6	27	12	0	
24	7	26	13	0	
20	9	28	14	0	
18	9	27	13	0	
20	9	29	10	0	
18	8	27	11	0	
17	9	28	13	0	
20	7	31	12	0	
19	8	31	11	0	
19	7	30	11	0	
19	9	29	9	0	
20	7	31	7	0	
21	7	29	8	0	
24	7	27	8	0	
22	7	22	6	0	
22	9	24	5	0	
23	8	26	5	0	
24	7	28	7	0	
21	5	28	6	0	
21	5	29	6	0	
18	5	30	6	0	
20	4	31	5	0	
23	4	28	4	0	
24	5	26	2	0	
25	7	24	3	0	
24	7	25	2	0	
28	6	24	2	0	
22	6	23	2	0	
22	6	26	3	0	
23	8	25	3	0	
22	8	27	3	0	
24	7	27	3	0	
22	5	26	2	0	
22	6	30	0	0	
23	7	32	1	0	
23	8	30	1	0	
25	7	28	1	0	
22	7	27	1	0	
22	6	25	3	0	
23	5	30	2	0	
23	5	34	1	0	
19	5	29	2	0	
20	4	29	2	0	
20	4	32	2	0	
17	4	33	3	0	
17	4	36	2	3	
16	4	37	4	3	
16	4	32	5	0	
17	4	32	3	0	
16	4	36	3	3	
16	4	35	4	3	
16	5	33	5	0	
19	4	33	5	0	
22	4	34	4	0	
25	5	32	6	0	
26	7	32	7	0	
29	6	30	6	0	
28	7	30	6	0	
30	5	32	6	0	
29	5	34	7	0	
25	4	32	6	0	
21	4	32	5	0	
23	6	32	5	0	
20	6	36	7	0	
21	5	34	6	0	
19	3	34	5	0	
17	4	33	5	0	
18	6	37	5	0	
17	6	38	6	3	
17	7	38	3	3	
16	5	39	3	3	
16	5	42	5	3	
21	5	45	4	3	
23	5	47	3	3	
23	5	40	3	0	
19	4	41	3	3	
17	3	40	4	3	
17	2	39	4	3	
19	3	39	4	3	
18	3	38	4	3	
22	3	38	4	0	
20	3	36	2	0	
22	3	36	2	0	
25	3	41	1	0	
22	3	40	2	0	
22	2	36	3	0	
22	2	32	3	0	
20	2	34	4	0	
20	2	38	3	0	
22	2	39	2	0	
24	2	42	2	0	
26	1	45	2	0	
23	1	45	3	3	
23	1	49	3	3	
26	1	46	3	0	
27	2	44	3	0	
27	2	48	3	0	
30	3	47	4	0	
28	3	42	4	0	
23	4	41	4	0	
24	5	46	4	3	
24	5	47	5	3	
25	4	46	5	0	
24	4	42	5	0	
26	5	46	4	0	
25	4	49	5	3	
22	4	45	8	3	
24	4	44	8	0	
21	6	44	6	3	
23	6	42	7	0	
20	5	43	6	3	
20	5	43	7	3	
19	4	42	9	3	
19	6	45	9	3	
19	5	39	10	3	
20	4	41	9	3	
21	3	42	8	3	
20	3	42	8	3	
20	3	46	9	3	
19	3	43	8	3	
16	3	45	9	3	
14	2	45	12	3	
14	3	44	11	3	
14	3	47	12	3	
13	3	46	9	3	
15	3	45	9	3	
16	5	40	10	3	
16	6	38	12	3	
16	8	39	12	3	
16	8	40	12	3	
14	9	40	12	3	
14	12	33	12	3	
15	11	33	12	3	
20	10	31	13	0	
18	10	34	11	0	
16	9	36	10	3	
17	8	35	11	0	
17	10	37	11	3	
18	12	35	12	0	
16	15	33	11	0	
16	13	33	12	0	
16	14	31	9	0	
17	15	28	7	0	
17	16	31	5	0	
19	16	30	5	0	
16	16	35	5	3	
18	15	35	5	0	
16	15	28	4	0	
15	15	31	6	0	
16	16	33	6	0	
12	16	31	5	0	
11	14	33	6	3	
13	13	33	6	3	
12	16	33	5	0	
11	15	26	6	0	
15	15	26	7	0	
14	17	29	9	0	
16	15	28	8	0	
18	13	26	9	0	
17	13	24	9	0	
18	13	21	12	0	
20	16	18	12	0	
15	18	20	13	0	
17	17	21	14	0	
17	18	19	14	0	
16	19	19	14	0	
16	17	18	14	0	
15	17	18	15	0	
16	18	19	14	0	
11	18	20	14	0	
11	20	21	17	0	
12	20	23	18	0	
11	18	24	18	0	
14	18	23	19	0	
14	19	24	21	0	
12	17	24	21	0	
11	18	26	18	0	
12	19	26	19	0	
14	19	23	19	0	
12	19	24	21	0	
13	18	23	19	0	
16	17	20	21	0	
17	18	19	18	0	
17	17	20	16	0	
17	17	21	15	0	
21	20	23	14	0	
22	17	22	16	0	
17	18	22	12	0	
18	20	23	12	0	
19	18	23	11	0	
18	19	26	12	0	
21	23	28	14	0	
20	20	25	14	0	
18	18	24	14	0	
16	17	25	12	0	
17	17	24	12	0	
20	17	23	12	0	
21	16	21	11	0	
19	19	24	11	0	
21	20	20	9	0	
21	19	16	9	0	
17	18	17	9	0	
16	16	16	12	0	
15	19	17	11	0	
17	19	16	15	0	
15	16	16	15	0	
16	15	17	16	0	
16	16	16	18	0	
16	13	15	12	0	
16	14	19	10	0	
18	16	22	10	0	
23	18	18	9	0	
21	14	17	11	0	
21	13	16	9	0	
23	14	15	9	0	
24	15	15	12	0	
21	16	13	13	0	
20	17	14	13	0	
22	17	15	11	0	
21	18	17	12	0	
23	17	17	13	0	
24	18	14	13	0	
22	15	17	14	0	
22	13	16	16	0	
25	16	22	15	0	
24	16	21	14	0	
22	17	24	12	0	
24	15	23	10	0	
22	17	25	9	0	
20	17	25	9	0	
20	17	28	8	0	
21	19	27	9	0	
18	15	23	9	0	
20	16	26	12	0	
20	15	26	14	0	
20	16	28	13	0	
20	14	27	17	0	
20	14	27	13	0	
20	10	29	14	0	
18	14	26	14	0	
20	16	24	13	0	
22	18	26	14	0	
24	17	27	12	0	
22	18	31	8	0	
22	19	33	8	0	
21	19	30	7	0	
21	19	23	7	0	
21	19	23	7	0	
22	16	24	7	0	
23	16	26	6	0	
23	15	24	6	0	
25	16	24	6	0	
24	16	22	6	0	
24	16	22	6	0	
19	14	22	6	0	
17	14	21	6	0	
17	10	23	7	0	
18	11	26	8	0	
19	12	27	8	0	
19	12	27	9	0	
18	14	29	10	0	
19	12	34	11	0	
21	12	35	12	0	
19	12	35	10	0	
18	12	38	11	3	
17	12	35	10	0	
19	11	38	9	0	
18	12	42	10	3	
18	9	42	9	3	
18	8	47	6	3	
16	8	45	7	3	
14	7	44	6	3	
14	7	44	7	3	
14	8	41	7	3	
17	8	38	7	3	
17	9	35	9	0	
17	9	36	9	3	
16	9	37	9	3	
17	8	39	8	3	
16	9	38	9	3	
19	9	36	10	0	
16	8	34	11	0	
18	9	34	12	0	
19	8	35	11	0	
18	9	31	10	0	
21	8	30	11	0	
22	8	30	12	0	
21	8	30	12	0	
21	9	29	11	0	
17	8	31	12	0	
16	10	27	11	0	
14	10	27	12	0	
13	9	29	12	0	
13	10	29	12	0	
13	12	31	14	0	
13	9	36	14	3	
14	9	36	15	3	
13	8	40	14	3	
15	10	39	13	3	
17	11	39	15	3	
16	13	39	15	3	
17	10	40	15	3	
18	10	38	13	3	
17	9	44	10	3	
16	7	41	10	3	
20	6	42	10	3	
21	8	39	11	0	
23	6	43	11	0	
23	7	40	12	0	
21	7	40	9	0	
19	7	35	9	0	
17	7	37	9	3	
21	4	34	10	0	
23	4	30	8	0	
25	4	30	10	0	
23	4	30	10	0	
23	4	34	11	0	
21	4	30	14	0	
20	4	29	13	0	
18	5	29	15	0	
16	5	32	15	0	
16	7	32	15	0	
16	8	34	13	0	
16	8	37	13	3	
14	8	36	11	3	
15	9	39	12	3	
13	9	39	9	3	
16	10	44	9	3	
15	10	43	8	3	
13	10	43	8	3	
13	10	42	8	3	
13	10	40	7	3	
11	11	36	8	3	
11	12	36	10	3	
13	13	33	9	3	
13	14	31	8	0	
14	15	29	7	0	
13	14	32	9	3	
13	16	31	9	0	
15	17	30	9	0	
16	18	36	11	0	
13	18	34	10	0	
11	16	35	11	3	
9	17	36	13	3	
8	17	33	14	0	
9	19	32	15	0	
10	19	36	12	0	
10	19	34	14	0	
10	18	32	15	0	
9	18	31	16	0	
10	20	29	13	0	
12	20	30	12	0	
10	20	30	12	0	
12	19	31	11	0	
11	17	32	10	0	
10	17	32	11	0	
12	19	31	9	0	
9	19	28	9	0	
13	16	30	7	0	
14	15	31	9	0	
15	15	35	7	3	
16	12	31	8	0	
17	12	30	5	0	
19	11	32	6	0	
17	13	33	6	0	
19	12	34	5	0	
18	12	40	4	3	
18	13	40	4	3	
19	11	37	4	0	
20	12	34	4	0	
18	11	33	5	0	
21	14	31	4	0	
20	14	29	5	0	
18	15	26	6	0	
18	15	26	6	0	
16	16	28	6	0	
18	14	28	6	0	
19	15	27	6	0	
19	14	29	4	0	
