0	1	0	0	0	
0	1	0	0	0	
0	2	0	0	0	
0	2	1	0	0	
1	2	1	0	0	
1	2	1	1	0	
1	2	0	1	0	
1	2	1	1	0	
1	4	2	2	0	
2	4	2	2	0	
3	4	1	2	0	
4	5	1	2	0	
5	3	1	2	0	
6	3	2	2	0	
5	4	2	2	0	
6	5	2	2	0	
7	6	2	2	0	
7	9	4	2	0	
8	9	4	2	0	
8	13	7	2	0	
8	12	7	2	0	
8	13	8	2	0	
9	13	6	5	0	
10	15	7	6	0	
10	15	10	4	0	
8	15	11	3	0	
8	14	12	3	0	
8	12	13	4	0	
10	12	13	4	0	
8	12	16	3	0	
8	12	16	3	0	
8	15	17	4	0	
8	14	14	4	0	
10	14	14	4	0	
9	15	13	6	0	
11	14	14	8	0	
10	13	14	10	0	
11	10	14	10	0	
13	10	14	9	0	
12	9	15	8	0	
13	11	15	9	0	
13	12	17	9	0	
13	12	16	9	0	
13	13	13	9	0	
13	10	12	9	0	
15	10	13	11	0	
16	10	14	11	0	
18	10	15	12	0	
14	9	15	11	0	
16	12	15	13	0	
16	14	17	14	0	
18	12	16	13	0	
17	12	15	14	0	
17	11	16	13	0	
16	9	16	12	0	
15	10	16	15	0	
15	10	15	15	0	
15	9	19	19	0	
14	11	18	21	0	
16	12	20	21	0	
14	11	19	20	0	
13	12	20	19	0	
12	13	20	15	0	
12	16	22	15	0	
12	16	24	17	0	
13	17	25	14	0	
12	17	26	15	0	
10	16	25	14	0	
12	16	28	14	0	
9	16	27	13	0	
11	15	25	13	0	
9	16	27	13	0	
8	16	26	12	0	
10	17	27	10	0	
8	16	31	9	0	
9	19	33	11	0	
8	15	30	8	0	
6	14	28	10	0	
6	18	27	11	0	
6	18	26	10	0	
4	18	24	10	0	
4	20	24	9	0	
5	20	28	10	0	
6	19	27	11	0	
7	20	26	13	0	
8	20	30	13	0	
8	20	35	13	0	
8	19	29	12	0	
7	17	27	12	0	
7	16	26	11	0	
7	16	24	12	0	
7	17	26	14	0	
7	21	25	14	0	
8	21	23	14	0	
9	21	23	16	0	
8	24	19	15	0	
9	24	18	17	0	
9	23	19	17	0	
9	21	23	20	0	
8	19	22	20	0	
9	19	23	22	0	
8	17	26	24	0	
8	17	28	24	0	
8	16	25	24	0	
9	14	24	22	0	
9	16	26	22	0	
8	17	29	22	0	
10	18	30	22	0	
11	19	30	20	0	
10	18	30	17	0	
9	17	30	18	0	
10	17	31	18	0	
10	18	30	18	0	
9	18	29	17	0	
11	16	30	19	0	
8	16	33	17	0	
8	17	33	17	0	
8	16	30	13	0	
8	15	29	12	0	
11	15	29	13	0	
12	16	27	12	0	
13	19	27	11	0	
14	19	25	9	0	
13	19	25	4	0	
12	20	24	4	0	
12	20	23	3	0	
12	21	27	4	0	
8	22	26	6	0	
9	21	24	8	0	
11	18	27	9	0	
11	15	28	9	0	
11	17	25	10	0	
11	19	29	10	0	
13	20	31	11	0	
12	18	34	10	0	
13	19	36	10	0	
12	19	33	9	0	
10	16	32	10	0	
10	16	32	9	0	
12	20	34	10	0	
10	17	33	8	0	
11	18	32	10	0	
8	16	29	12	0	
8	15	31	11	0	
5	15	36	13	3	
6	12	39	15	3	
6	12	41	15	3	
8	11	39	14	3	
8	9	40	15	3	
9	8	38	14	3	
10	10	36	15	3	
13	9	38	15	3	
12	9	39	13	3	
11	12	38	12	3	
11	13	43	12	3	
12	12	42	13	3	
10	12	40	14	3	
11	13	38	17	3	
8	12	37	17	3	
9	12	39	18	3	
7	13	36	18	0	
7	13	36	19	0	
7	11	36	21	0	
7	9	37	20	0	
7	10	38	21	0	
7	9	35	22	0	
9	10	34	22	0	
5	11	32	22	0	
5	13	32	23	0	
6	12	33	21	0	
6	13	33	19	0	
7	12	31	20	0	
6	12	29	19	0	
5	13	34	18	0	
3	11	37	21	0	
3	11	36	20	0	
3	6	36	17	3	
5	7	35	17	0	
5	7	34	15	3	
5	8	36	15	3	
6	7	32	15	0	
5	6	31	16	0	
6	7	31	17	0	
7	10	33	14	3	
8	11	28	14	0	
8	10	32	14	3	
10	9	32	14	3	
10	10	34	14	3	
8	10	36	13	3	
9	12	37	9	3	
10	8	37	8	3	
11	8	33	6	3	
15	8	33	6	3	
15	9	31	6	0	
12	10	36	6	3	
13	11	35	6	3	
15	10	40	6	3	
12	13	40	6	3	
13	10	46	6	3	
14	11	43	7	3	
14	13	44	8	3	
13	13	45	8	3	
11	11	47	7	3	
12	9	48	4	3	
10	10	45	5	3	
10	8	40	5	3	
13	7	37	6	3	
14	6	41	8	3	
15	6	38	5	3	
14	7	41	7	3	
15	7	42	6	3	
15	8	42	6	3	
15	8	32	6	0	
15	8	33	6	3	
17	6	34	5	0	
17	6	33	5	0	
15	5	30	6	0	
16	8	30	7	0	
14	8	32	7	3	
16	8	31	6	0	
19	10	29	6	0	
19	9	34	6	0	
17	7	34	6	0	
18	8	34	7	0	
17	8	36	8	3	
18	10	35	7	0	
16	11	32	6	0	
17	11	32	5	0	
20	11	30	7	0	
21	13	30	7	0	
21	11	30	8	0	
20	11	27	7	0	
20	10	26	9	0	
21	10	27	8	0	
23	8	25	8	0	
20	8	25	9	0	
20	5	27	8	0	
21	4	25	7	0	
21	2	24	6	0	
22	3	24	7	0	
22	3	24	7	0	
23	3	22	7	0	
23	5	20	8	0	
24	6	21	8	0	
25	7	22	8	0	
25	8	22	7	0	
26	6	20	7	0	
25	6	19	9	0	
24	7	21	10	0	
22	5	22	10	0	
21	6	23	12	0	
22	7	20	13	0	
20	7	20	13	0	
20	7	19	13	0	
23	7	22	15	0	
23	7	23	17	0	
22	6	19	16	0	
22	8	19	15	0	
23	8	18	13	0	
28	8	19	14	0	
29	9	17	15	0	
30	11	17	17	0	
29	10	18	17	0	
27	10	16	16	0	
28	11	15	15	0	
25	9	20	12	0	
24	9	19	13	0	
24	8	19	14	0	
23	8	20	13	0	
23	8	19	15	0	
19	7	21	15	0	
21	10	21	13	0	
21	10	21	14	0	
20	10	21	15	0	
20	11	22	16	0	
22	12	23	17	0	
20	12	24	17	0	
20	14	23	16	0	
20	15	23	17	0	
17	15	24	19	0	
16	15	26	21	0	
16	15	27	24	0	
17	13	28	22	0	
16	11	29	25	0	
14	10	30	27	0	
16	11	24	28	0	
16	10	22	26	0	
16	9	24	27	0	
14	5	28	25	0	
15	4	30	25	0	
15	5	30	18	0	
13	5	30	18	0	
16	6	28	15	0	
17	5	28	17	0	
19	5	28	17	0	
19	6	25	17	0	
17	6	27	15	0	
18	5	27	15	0	
17	7	29	16	0	
17	8	25	15	0	
22	8	26	17	0	
22	8	25	17	0	
21	9	29	18	0	
21	7	29	17	0	
21	7	29	14	0	
20	5	29	12	0	
19	5	27	10	0	
19	6	27	9	0	
17	6	26	9	0	
18	6	26	7	0	
20	6	27	8	0	
17	7	29	8	0	
18	5	28	7	0	
15	5	25	6	0	
18	4	24	5	0	
20	3	23	5	0	
16	4	21	4	0	
17	6	24	5	0	
13	7	25	7	0	
10	9	26	6	3	
12	10	30	8	3	
14	11	30	8	0	
13	11	30	7	3	
14	11	29	7	0	
13	14	30	6	0	
15	14	28	6	0	
15	14	23	7	0	
16	13	25	7	0	
15	11	27	6	0	
14	10	28	6	0	
12	9	33	7	3	
10	9	33	8	3	
9	10	34	11	3	
6	11	35	10	3	
7	11	31	10	3	
6	13	31	9	3	
5	11	35	8	3	
5	11	34	10	3	
4	12	33	13	3	
4	14	35	12	3	
4	13	35	12	3	
4	13	33	12	3	
4	12	34	13	3	
3	12	32	14	3	
3	9	30	15	0	
4	10	30	18	0	
5	11	32	16	0	
6	11	31	18	0	
6	11	33	16	0	
6	13	31	15	0	
6	14	28	16	0	
6	13	30	19	0	
7	12	30	16	0	
8	12	30	19	0	
10	10	30	17	0	
9	8	30	16	0	
8	7	28	19	0	
8	8	24	21	0	
8	7	24	20	0	
8	9	24	21	0	
8	9	24	19	0	
8	8	23	17	0	
9	9	24	19	0	
9	10	23	21	0	
8	15	26	22	0	
7	15	24	21	0	
6	15	20	19	0	
9	16	18	17	0	
8	16	16	16	0	
10	17	16	17	0	
14	17	18	17	0	
13	19	21	16	0	
13	20	23	16	0	
13	21	21	16	0	
15	21	24	17	0	
15	21	23	16	0	
14	19	25	16	0	
15	18	25	16	0	
13	15	22	16	0	
13	15	23	19	0	
12	14	18	18	0	
9	14	17	19	0	
11	15	15	22	0	
11	13	14	25	0	
11	12	14	24	0	
11	14	13	22	0	
13	13	12	25	0	
13	14	10	27	0	
14	15	11	33	4	
11	16	12	31	0	
12	19	10	28	0	
13	17	11	26	0	
12	17	13	23	0	
11	19	12	22	0	
13	20	13	22	0	
14	19	14	21	0	
14	19	13	23	0	
15	18	11	23	0	
14	19	12	25	0	
14	19	12	28	0	
14	18	9	34	0	
14	19	10	32	0	
14	19	13	29	0	
14	18	13	27	0	
17	19	13	23	0	
16	17	14	22	0	
16	20	15	21	0	
13	21	14	23	0	
12	20	15	25	0	
13	18	16	25	0	
13	17	18	28	0	
14	19	18	30	0	
14	19	18	27	0	
14	19	19	25	0	
12	19	21	28	0	
11	15	19	30	0	
13	18	19	29	0	
12	17	18	31	0	
13	19	19	31	0	
11	16	22	32	0	
10	17	24	36	0	
12	19	23	31	0	
12	20	23	31	0	
10	19	22	23	0	
13	20	21	23	0	
13	20	21	21	0	
15	16	21	25	0	
14	20	20	24	0	
12	21	19	19	0	
13	20	14	19	0	
13	22	11	19	0	
11	22	11	19	0	
10	25	11	19	0	
11	30	13	20	0	
11	28	13	20	0	
10	29	11	20	0	
9	28	13	19	0	
9	32	13	18	0	
8	34	12	17	0	
9	34	12	15	2	
10	34	12	17	0	
9	37	12	15	2	
8	33	10	19	0	
7	32	10	18	0	
7	32	10	16	0	
7	33	12	15	2	
6	33	15	17	0	
7	33	16	16	0	
7	29	15	15	0	
7	29	15	13	0	
7	28	14	15	0	
8	28	13	17	0	
8	25	10	16	0	
7	27	11	16	0	
7	26	9	16	0	
8	25	10	14	0	
9	24	11	15	0	
7	25	10	17	0	
10	22	11	16	0	
10	20	12	15	0	
11	19	13	16	0	
11	23	13	16	0	
11	26	13	15	0	
12	22	15	16	0	
12	22	15	15	0	
12	18	15	19	0	
14	20	15	20	0	
12	16	16	20	0	
10	16	16	20	0	
8	15	15	18	0	
8	16	14	20	0	
10	18	16	21	0	
8	19	15	22	0	
7	17	15	23	0	
7	13	16	21	0	
7	11	15	21	0	
6	11	15	20	0	
8	11	18	22	0	
8	11	14	25	0	
10	10	15	27	0	
12	10	16	27	0	
11	10	17	31	0	
10	11	16	31	0	
11	10	13	33	4	
11	12	13	32	4	
10	14	13	34	4	
10	14	12	33	4	
13	13	13	33	4	
14	12	12	32	4	
13	10	14	33	4	
14	9	16	31	0	
15	9	14	33	4	
14	10	15	32	0	
14	10	14	33	4	
14	9	18	33	0	
12	10	17	33	0	
12	11	18	34	0	
12	11	20	32	0	
11	11	16	33	0	
12	11	20	33	0	
13	10	19	33	0	
13	10	19	34	0	
13	10	20	31	0	
13	9	20	29	0	
14	8	19	28	0	
11	7	18	26	0	
11	8	21	25	0	
13	5	22	23	0	
13	5	22	24	0	
16	5	21	23	0	
17	4	23	23	0	
17	5	23	24	0	
18	6	22	25	0	
22	5	24	29	0	
20	5	20	26	0	
19	5	21	28	0	
18	4	23	29	0	
22	3	24	28	0	
20	4	24	29	0	
19	3	20	30	0	
18	3	15	31	0	
15	4	12	32	0	
18	5	11	32	0	
18	6	12	34	0	
18	6	12	31	0	
17	7	12	32	0	
18	8	12	31	0	
19	10	13	34	0	
22	10	12	35	0	
17	11	12	36	4	
16	11	12	37	4	
19	10	13	36	0	
17	10	15	33	0	
17	9	16	27	0	
20	9	16	24	0	
20	8	16	28	0	
21	7	17	25	0	
23	6	16	25	0	
22	5	16	25	0	
24	5	16	28	0	
24	7	15	25	0	
25	7	13	25	0	
23	8	15	22	0	
24	8	17	18	0	
26	11	17	15	0	
25	11	21	16	0	
25	12	19	19	0	
24	12	20	17	0	
25	10	19	19	0	
25	11	20	18	0	
26	10	18	19	0	
25	11	18	23	0	
23	10	17	22	0	
25	11	19	24	0	
22	10	20	24	0	
19	6	22	21	0	
19	8	19	21	0	
17	8	17	19	0	
17	8	18	20	0	
20	9	21	21	0	
21	10	19	20	0	
21	9	22	20	0	
22	11	24	18	0	
17	12	26	15	0	
18	12	24	16	0	
18	10	25	18	0	
19	11	24	17	0	
18	12	25	19	0	
18	11	25	16	0	
22	11	25	16	0	
21	10	24	16	0	
19	10	26	14	0	
20	9	25	16	0	
22	11	25	12	0	
24	11	23	11	0	
25	11	25	9	0	
24	17	26	8	0	
25	18	28	7	0	
21	15	25	7	0	
20	15	23	8	0	
20	17	22	10	0	
18	16	20	10	0	
22	18	20	10	0	
24	22	20	9	0	
24	20	18	7	0	
25	19	21	9	0	
20	19	19	11	0	
20	22	19	10	0	
19	22	21	10	0	
19	21	24	8	0	
21	21	25	9	0	
19	21	22	9	0	
19	23	24	8	0	
15	22	26	10	0	
16	21	25	7	0	
16	23	23	6	0	
17	21	23	5	0	
17	19	20	4	0	
17	18	19	4	0	
16	20	20	4	0	
21	22	18	4	0	
21	20	20	5	0	
21	21	21	6	0	
21	24	21	5	0	
21	23	23	8	0	
20	20	26	9	0	
19	19	21	8	0	
19	18	20	7	0	
21	19	20	7	0	
21	18	17	7	0	
16	18	18	7	0	
16	17	18	7	0	
15	17	17	9	0	
17	18	16	10	0	
16	19	16	10	0	
16	20	16	10	0	
17	18	17	7	0	
17	18	17	6	0	
15	21	19	6	0	
16	22	19	5	0	
17	19	19	5	0	
19	20	20	4	0	
19	19	20	3	0	
20	19	20	3	0	
23	21	21	3	0	
26	24	19	4	0	
24	25	21	6	0	
24	23	21	6	0	
24	23	27	6	0	
24	23	26	7	0	
22	25	23	7	0	
21	28	25	6	0	
18	28	21	6	0	
20	28	21	6	0	
20	26	22	7	0	
22	24	24	8	0	
21	22	26	7	0	
19	24	28	7	0	
17	25	25	9	0	
17	26	23	9	0	
19	24	19	9	0	
17	24	17	8	0	
20	26	19	10	0	
19	26	20	11	0	
20	23	21	13	0	
20	26	23	10	0	
16	26	23	10	0	
14	25	18	10	0	
13	26	16	11	0	
13	23	15	11	0	
13	23	13	12	0	
15	23	16	13	0	
13	24	19	10	0	
13	27	17	11	0	
14	21	18	12	0	
14	19	18	11	0	
13	19	19	10	0	
12	19	22	13	0	
11	19	25	16	0	
10	21	25	15	0	
11	21	25	13	0	
9	20	24	15	0	
10	19	22	15	0	
12	17	19	15	0	
13	12	19	14	0	
14	13	17	15	0	
16	13	20	16	0	
19	13	23	16	0	
20	12	25	18	0	
20	11	25	16	0	
19	12	27	16	0	
19	11	28	16	0	
19	9	27	18	0	
20	9	27	22	0	
20	9	28	24	0	
23	9	27	19	0	
21	11	28	17	0	
20	12	30	18	0	
18	12	33	13	0	
16	14	31	12	0	
16	14	25	12	0	
15	12	28	11	0	
16	13	32	12	0	
13	13	28	11	0	
14	15	24	11	0	
16	15	24	8	0	
15	12	24	10	0	
16	12	25	9	0	
15	13	29	9	0	
17	15	27	6	0	
19	16	29	6	0	
21	14	26	6	0	
22	15	28	6	0	
20	15	31	5	0	
20	16	34	4	0	
19	15	35	2	0	
19	15	36	3	0	
18	15	33	2	0	
20	14	36	2	0	
18	12	35	2	0	
20	12	35	1	0	
19	14	33	1	0	
22	12	29	1	0	
24	12	28	1	0	
26	11	26	1	0	
24	11	26	2	0	
25	11	25	1	0	
24	11	26	1	0	
22	11	29	0	0	
20	10	31	1	0	
19	8	29	2	0	
17	8	27	4	0	
19	7	27	6	0	
20	11	25	6	0	
18	10	22	7	0	
15	11	21	8	0	
14	12	20	9	0	
14	11	21	10	0	
17	8	21	12	0	
17	7	21	12	0	
17	10	21	12	0	
13	9	18	10	0	
15	8	22	10	0	
16	8	22	9	0	
17	8	22	9	0	
18	10	22	8	0	
17	11	24	8	0	
18	13	26	9	0	
19	13	25	9	0	
23	14	22	10	0	
25	13	24	9	0	
23	13	24	10	0	
22	11	26	12	0	
23	11	27	12	0	
25	11	25	11	0	
25	11	25	12	0	
24	10	24	11	0	
22	10	25	10	0	
20	10	26	9	0	
22	10	22	10	0	
23	9	22	10	0	
26	9	24	10	0	
24	11	27	9	0	
24	11	27	9	0	
21	11	30	10	0	
22	10	28	10	0	
20	11	24	10	0	
19	11	20	11	0	
17	12	18	12	0	
19	12	20	13	0	
19	11	21	13	0	
20	10	19	15	0	
20	11	16	17	0	
20	11	16	18	0	
22	11	17	19	0	
21	9	19	19	0	
18	10	22	20	0	
21	7	21	21	0	
21	7	17	22	0	
20	7	17	22	0	
22	7	16	25	0	
23	8	19	23	0	
21	8	18	23	0	
20	10	16	21	0	
19	10	18	22	0	
21	13	14	20	0	
21	14	11	23	0	
20	12	11	26	0	
24	11	11	24	0	
25	10	12	23	0	
27	11	11	21	0	
22	12	12	20	0	
23	14	12	16	0	
26	12	12	17	0	
28	10	11	19	0	
27	10	10	16	0	
26	10	9	18	0	
26	10	8	18	0	
28	8	7	18	0	
25	8	6	21	0	
25	7	8	21	0	
27	8	8	21	0	
23	10	7	17	0	
21	9	7	21	0	
20	7	6	23	0	
20	11	6	22	0	
17	12	5	25	0	
15	10	4	28	0	
14	10	4	27	0	
15	9	4	30	0	
14	10	4	31	0	
16	9	5	31	0	
17	9	7	30	0	
20	12	8	31	0	
20	14	8	30	0	
17	15	8	30	0	
16	16	8	29	0	
13	16	9	29	0	
12	15	11	30	0	
13	18	11	28	0	
12	11	9	30	4	
11	14	13	27	0	
11	16	13	29	0	
11	16	13	31	0	
11	16	14	32	0	
14	16	9	32	0	
11	14	10	30	0	
15	13	13	33	4	
15	16	11	32	0	
16	17	11	28	0	
17	17	13	25	0	
19	14	13	23	0	
20	13	14	23	0	
23	14	11	23	0	
23	14	13	23	0	
22	13	13	26	0	
24	12	13	28	0	
23	10	13	28	0	
19	13	11	24	0	
19	12	10	22	0	
18	13	11	21	0	
18	13	12	21	0	
20	14	12	22	0	
17	14	11	23	0	
16	15	8	28	0	
15	14	11	28	0	
12	15	9	28	0	
12	15	9	28	0	
12	17	11	31	0	
11	20	12	28	0	
13	21	10	31	0	
13	23	10	30	0	
16	22	13	32	0	
16	23	13	28	0	
16	23	14	29	0	
13	23	11	29	0	
12	25	10	28	0	
12	21	11	29	0	
13	16	9	31	0	
14	17	10	29	0	
13	16	9	31	0	
12	15	12	31	0	
11	15	9	30	0	
11	18	8	29	0	
9	18	8	27	0	
11	17	7	27	0	
10	18	9	29	0	
10	19	8	31	0	
8	21	7	30	0	
9	22	9	28	0	
9	19	9	29	0	
8	21	11	27	0	
9	26	10	27	0	
10	28	12	29	0	
10	29	10	23	0	
8	29	10	23	0	
8	28	9	21	0	
8	31	8	21	0	
10	31	8	25	0	
10	32	8	28	0	
11	35	8	31	0	
12	34	9	30	0	
11	31	10	27	0	
11	29	9	26	0	
11	29	11	26	0	
12	30	13	26	0	
11	29	15	23	0	
11	30	14	26	0	
11	29	12	24	0	
11	28	11	26	0	
10	31	10	29	0	
11	32	13	28	0	
10	30	13	26	0	
9	28	12	28	0	
8	31	14	22	0	
8	32	15	22	0	
8	35	16	23	0	
8	32	17	22	0	
9	32	17	20	0	
10	31	16	20	0	
7	30	18	21	0	
7	27	20	20	0	
6	28	19	21	0	
6	27	17	21	0	
7	30	18	19	0	
6	29	17	21	0	
4	26	19	20	0	
6	27	18	18	0	
5	27	15	21	0	
4	27	15	23	0	
4	28	18	25	0	
4	27	18	24	0	
4	27	20	27	0	
3	30	21	28	0	
3	32	21	25	0	
3	29	23	28	0	
3	28	22	27	0	
3	27	22	27	0	
4	26	18	26	0	
6	27	19	26	0	
7	27	23	26	0	
6	23	25	26	0	
7	26	23	27	0	
6	26	24	29	0	
5	27	21	29	0	
4	28	21	29	0	
3	29	23	29	0	
5	25	22	31	0	
4	23	16	30	0	
5	20	17	27	0	
6	18	16	29	0	
6	20	20	30	0	
6	18	17	32	0	
8	15	18	31	0	
8	15	19	32	0	
7	15	17	30	0	
7	13	20	29	0	
5	15	17	31	0	
6	17	19	31	0	
4	18	22	29	0	
4	16	22	32	0	
5	14	20	31	0	
4	12	18	27	0	
4	12	21	25	0	
4	14	21	23	0	
5	13	23	23	0	
6	12	19	24	0	
6	12	16	27	0	
4	14	19	24	0	
6	15	21	26	0	
6	17	21	28	0	
6	15	20	26	0	
8	13	22	25	0	
8	14	20	24	0	
8	14	20	24	0	
8	14	20	26	0	
11	13	21	26	0	
10	11	22	28	0	
8	11	25	27	0	
8	12	19	29	0	
8	11	18	28	0	
9	10	19	29	0	
9	11	18	30	0	
9	12	16	31	0	
10	13	17	34	0	
7	13	19	33	0	
7	9	16	32	0	
6	10	15	34	4	
8	10	16	33	0	
9	10	17	33	0	
8	10	16	35	4	
11	9	15	36	4	
12	10	14	33	4	
13	11	13	34	4	
13	12	13	32	4	
14	13	15	31	0	
12	13	15	31	0	
12	11	18	35	0	
12	11	16	33	0	
11	11	17	29	0	
12	12	17	29	0	
12	10	17	30	0	
13	10	20	30	0	
11	12	20	26	0	
11	10	23	27	0	
10	11	25	27	0	
8	12	22	28	0	
8	11	22	32	0	
8	13	23	31	0	
7	14	21	27	0	
7	14	20	29	0	
9	13	20	27	0	
10	13	19	31	0	
8	10	19	32	0	
8	9	21	32	0	
9	10	19	37	0	
11	10	16	34	0	
14	11	17	36	4	
14	12	16	40	4	
14	14	17	40	4	
13	14	16	38	4	
15	15	16	34	0	
12	15	16	34	0	
15	14	14	30	0	
14	16	14	30	0	
14	14	12	31	0	
15	16	13	29	0	
13	16	14	29	0	
9	17	13	29	0	
10	18	14	30	0	
9	16	12	29	0	
12	17	11	34	0	
12	18	8	32	0	
15	16	7	31	0	
19	16	7	27	0	
16	16	10	28	0	
16	15	10	28	0	
15	13	10	27	0	
18	15	9	30	0	
18	18	7	27	0	
