0	1	0	0	0	
0	3	0	0	0	
1	3	0	0	0	
1	4	0	0	0	
1	4	0	0	0	
1	3	1	0	0	
2	4	1	0	0	
3	3	2	0	0	
3	3	2	1	0	
5	3	2	1	0	
6	2	3	1	0	
4	3	3	1	0	
4	2	5	2	0	
4	2	6	2	0	
4	3	8	2	0	
4	2	8	3	0	
5	3	9	2	0	
5	2	8	3	0	
6	4	9	3	0	
6	3	12	2	0	
5	5	14	1	0	
7	6	16	2	0	
7	9	12	1	0	
6	10	10	1	0	
6	9	11	1	0	
6	9	11	1	0	
6	9	12	1	0	
4	10	10	2	0	
6	12	12	3	0	
4	12	14	4	0	
6	15	14	6	0	
6	16	15	7	0	
7	15	16	9	0	
6	14	16	10	0	
5	13	16	12	0	
6	13	13	15	0	
7	13	15	15	0	
8	12	15	16	0	
9	11	15	13	0	
9	11	13	13	0	
10	10	15	13	0	
13	9	14	13	0	
15	9	14	13	0	
16	9	15	13	0	
14	10	17	12	0	
13	11	18	12	0	
12	12	18	12	0	
14	12	19	11	0	
13	13	17	11	0	
12	13	16	9	0	
15	14	15	10	0	
15	11	17	10	0	
15	13	14	9	0	
14	13	15	10	0	
15	16	18	11	0	
16	16	19	11	0	
17	17	20	14	0	
17	17	20	15	0	
15	17	22	13	0	
16	20	22	12	0	
19	24	22	11	0	
18	22	22	13	0	
19	21	19	11	0	
21	19	20	12	0	
18	20	21	13	0	
17	18	22	11	0	
15	17	21	11	0	
17	17	18	11	0	
18	17	18	12	0	
19	20	18	9	0	
14	19	19	11	0	
14	18	17	11	0	
11	18	19	12	0	
11	18	21	12	0	
9	18	21	7	0	
9	17	21	5	0	
9	16	21	7	0	
11	17	21	7	0	
11	16	19	8	0	
9	16	21	7	0	
10	16	21	6	0	
12	16	21	4	0	
14	16	21	4	0	
16	16	22	4	0	
14	16	23	5	0	
13	18	21	7	0	
13	14	24	7	0	
15	15	27	6	0	
14	15	27	7	0	
13	14	29	6	0	
11	16	30	6	0	
11	16	32	5	0	
11	15	30	6	0	
10	15	30	7	0	
9	10	29	7	3	
10	12	34	6	3	
10	14	36	6	3	
11	10	39	5	3	
15	11	38	4	3	
16	11	39	4	3	
16	10	34	3	0	
18	11	39	4	3	
18	11	41	5	3	
18	12	35	5	0	
18	10	31	6	0	
18	13	28	7	0	
22	13	26	8	0	
24	12	30	9	0	
24	13	32	9	0	
24	14	30	9	0	
24	14	28	7	0	
23	11	27	7	0	
21	11	28	8	0	
20	10	26	9	0	
22	11	28	6	0	
22	11	32	4	0	
24	11	30	4	0	
24	13	31	4	0	
23	13	32	5	0	
21	14	31	7	0	
24	17	29	7	0	
22	14	29	6	0	
23	15	29	6	0	
24	16	30	6	0	
24	14	34	6	0	
25	14	30	6	0	
24	13	28	7	0	
27	14	24	7	0	
26	15	25	7	0	
25	14	23	5	0	
25	13	24	5	0	
30	13	25	5	0	
32	11	27	6	0	
30	11	25	5	0	
31	11	25	5	0	
32	12	24	5	0	
33	15	22	5	0	
32	16	18	3	0	
30	15	20	3	0	
31	13	20	5	0	
27	13	18	6	0	
25	10	19	6	0	
24	11	18	5	0	
27	9	21	5	0	
27	8	21	6	0	
28	11	21	5	0	
27	11	22	4	0	
30	13	20	4	0	
32	14	20	3	0	
31	15	23	4	0	
30	13	21	4	0	
30	13	20	3	0	
32	11	23	3	0	
32	10	23	2	0	
36	12	22	2	0	
37	11	22	2	0	
36	12	22	2	0	
31	12	26	2	0	
27	14	27	3	0	
28	12	26	3	0	
27	13	26	5	0	
28	10	29	5	0	
30	11	30	5	0	
31	12	31	4	0	
28	12	31	5	0	
32	11	32	4	0	
31	10	29	7	0	
30	9	27	7	0	
30	9	25	7	0	
31	9	29	7	0	
30	7	26	8	0	
29	6	27	7	0	
30	6	27	7	0	
32	9	29	9	0	
28	7	24	11	0	
25	6	24	14	0	
23	6	23	12	0	
25	7	24	11	0	
25	7	23	8	0	
23	7	24	8	0	
25	8	21	7	0	
25	10	19	7	0	
26	11	20	8	0	
23	11	21	6	0	
24	11	21	8	0	
22	9	22	10	0	
20	12	20	10	0	
19	10	18	10	0	
22	11	21	12	0	
24	12	20	11	0	
23	9	20	11	0	
23	9	18	14	0	
18	8	18	16	0	
14	8	20	19	0	
15	10	22	19	0	
16	11	20	16	0	
15	11	20	15	0	
14	11	21	14	0	
14	12	19	16	0	
14	12	19	13	0	
11	11	22	13	0	
9	10	22	14	0	
11	11	28	14	0	
11	12	27	13	0	
12	13	32	13	3	
11	13	29	11	0	
11	12	30	9	3	
12	11	29	9	3	
10	9	27	9	3	
14	10	29	9	0	
14	7	34	10	3	
13	9	35	10	3	
16	8	37	12	3	
15	7	37	15	3	
14	7	35	13	3	
15	6	35	12	3	
15	6	34	12	3	
15	7	34	15	3	
14	7	31	10	0	
16	5	35	7	3	
16	5	37	7	3	
15	5	37	10	3	
14	6	38	12	3	
14	8	32	12	3	
14	8	31	13	0	
14	10	32	12	3	
12	13	29	10	0	
11	14	33	14	3	
12	15	28	15	0	
12	14	26	14	0	
12	14	24	15	0	
12	13	25	14	0	
12	14	30	12	0	
11	10	32	12	3	
12	11	32	12	3	
11	13	28	15	0	
8	13	30	16	0	
8	11	32	14	3	
10	10	30	16	0	
8	10	27	17	0	
8	12	26	17	0	
8	11	30	15	0	
9	8	33	16	0	
9	7	30	14	0	
10	7	29	15	0	
8	7	26	16	0	
9	9	28	16	0	
11	9	29	12	3	
11	8	25	10	0	
12	9	25	11	0	
11	14	27	10	0	
13	16	27	12	0	
14	17	27	12	0	
15	18	30	11	0	
15	19	26	11	0	
18	14	24	12	0	
20	13	21	13	0	
16	15	23	11	0	
16	14	25	14	0	
17	14	26	14	0	
17	11	28	12	0	
16	11	29	13	0	
15	11	35	13	3	
16	12	33	14	0	
14	12	30	14	0	
15	12	27	17	0	
18	10	26	15	0	
17	7	29	15	0	
14	8	31	13	0	
12	8	32	11	3	
13	7	33	13	3	
14	8	30	14	0	
14	8	29	12	0	
14	9	29	15	0	
13	9	26	15	0	
16	8	27	17	0	
15	9	27	20	0	
16	7	29	19	0	
15	8	29	21	0	
15	9	30	27	0	
14	9	30	25	0	
13	10	30	25	0	
13	9	29	24	0	
13	9	24	23	0	
13	10	24	23	0	
11	10	22	21	0	
10	9	24	20	0	
12	9	26	19	0	
12	8	25	22	0	
11	10	25	22	0	
11	9	25	19	0	
12	11	26	22	0	
11	11	27	23	0	
9	11	28	22	0	
9	10	28	21	0	
8	10	27	17	0	
7	9	28	19	0	
7	9	30	18	0	
6	8	26	17	0	
7	7	25	17	0	
5	6	27	20	0	
7	8	27	22	0	
6	10	27	24	0	
6	10	28	25	0	
7	9	25	22	0	
7	8	26	25	0	
6	8	25	26	0	
7	10	28	24	0	
7	10	29	20	0	
8	9	28	23	0	
12	9	25	23	0	
14	8	26	26	0	
12	7	24	27	0	
11	6	25	26	0	
10	9	23	26	0	
11	7	24	27	0	
10	8	28	26	0	
11	9	23	23	0	
12	8	25	22	0	
10	8	23	19	0	
9	9	23	25	0	
10	9	25	24	0	
8	7	23	22	0	
8	7	23	21	0	
12	9	23	20	0	
12	9	25	18	0	
11	9	27	19	0	
11	8	26	16	0	
11	12	27	17	0	
12	11	25	17	0	
11	12	23	17	0	
14	12	24	17	0	
17	11	22	18	0	
18	11	23	19	0	
17	12	24	20	0	
14	13	26	20	0	
13	11	26	21	0	
13	12	25	22	0	
14	11	25	19	0	
14	11	24	18	0	
17	11	24	20	0	
16	10	26	22	0	
14	11	25	23	0	
14	11	23	24	0	
14	10	29	22	0	
14	10	30	24	0	
16	10	27	23	0	
17	12	28	20	0	
16	11	28	20	0	
15	10	27	23	0	
14	11	28	24	0	
14	11	28	22	0	
13	9	30	21	0	
15	8	30	18	0	
15	8	33	15	3	
14	9	33	13	3	
14	8	34	13	3	
13	7	38	14	3	
14	7	38	13	3	
13	9	41	11	3	
13	9	41	10	3	
14	7	39	9	3	
15	8	38	9	3	
14	9	37	8	3	
14	10	36	8	3	
13	11	33	6	3	
14	10	34	8	3	
16	9	34	9	0	
18	9	35	7	0	
18	10	35	9	0	
16	12	35	10	3	
16	12	35	8	3	
16	13	31	8	0	
15	15	35	7	3	
15	15	34	3	3	
13	17	34	3	0	
14	17	31	2	0	
14	17	29	3	0	
13	15	29	4	0	
12	15	29	5	0	
14	16	30	4	0	
14	17	30	4	0	
13	17	29	4	0	
13	16	27	3	0	
17	18	26	4	0	
16	18	30	4	0	
14	18	26	4	0	
15	18	28	6	0	
15	19	26	6	0	
16	21	27	8	0	
16	19	27	6	0	
16	19	22	7	0	
18	21	21	7	0	
20	21	19	7	0	
21	22	19	7	0	
18	19	19	7	0	
21	20	20	7	0	
18	23	21	6	0	
20	25	20	6	0	
20	24	25	3	0	
22	25	25	4	0	
22	27	26	3	0	
20	27	27	3	0	
21	25	25	3	0	
21	24	26	3	0	
19	21	28	3	0	
16	20	27	4	0	
17	20	24	3	0	
18	20	25	3	0	
19	20	27	6	0	
22	19	24	6	0	
23	20	23	4	0	
21	18	22	5	0	
18	22	23	6	0	
19	22	24	6	0	
17	22	22	5	0	
18	23	22	7	0	
16	21	19	5	0	
18	20	20	4	0	
18	17	18	4	0	
20	15	19	3	0	
23	15	21	4	0	
19	16	21	4	0	
20	14	21	2	0	
19	14	24	2	0	
16	15	22	2	0	
16	18	21	2	0	
13	17	21	2	0	
13	21	21	2	0	
17	22	19	3	0	
20	23	23	4	0	
20	21	22	4	0	
20	20	20	4	0	
20	21	21	4	0	
20	18	22	5	0	
21	16	21	3	0	
21	17	20	4	0	
19	19	23	3	0	
20	20	25	4	0	
19	23	27	4	0	
20	22	25	5	0	
22	19	23	5	0	
21	15	22	6	0	
19	16	24	6	0	
18	14	25	6	0	
18	14	25	5	0	
18	15	25	4	0	
17	15	24	4	0	
19	11	23	2	0	
18	9	24	3	0	
17	12	26	4	0	
18	11	28	5	0	
18	11	24	6	0	
15	13	23	7	0	
15	12	25	8	0	
16	12	25	9	0	
15	11	26	8	0	
14	12	27	9	0	
18	12	28	7	0	
17	12	28	7	0	
17	12	26	7	0	
17	14	25	7	0	
23	13	26	9	0	
22	13	28	8	0	
23	11	27	7	0	
26	12	28	7	0	
23	13	28	7	0	
25	14	26	8	0	
26	12	25	8	0	
25	13	22	9	0	
22	14	26	9	0	
22	14	23	8	0	
22	14	22	10	0	
21	13	25	10	0	
21	16	23	10	0	
20	17	25	11	0	
22	18	24	11	0	
19	16	26	11	0	
20	14	28	9	0	
18	15	28	9	0	
17	18	27	12	0	
16	17	29	11	0	
16	17	27	13	0	
15	17	26	13	0	
14	18	24	15	0	
15	19	26	13	0	
16	19	25	12	0	
16	17	31	12	0	
14	18	34	11	0	
12	20	32	13	0	
14	19	33	14	0	
12	16	31	14	0	
10	14	26	16	0	
12	13	24	14	0	
14	16	23	15	0	
17	17	24	13	0	
22	16	24	10	0	
19	17	25	8	0	
19	17	26	8	0	
21	15	27	8	0	
21	15	24	6	0	
22	16	25	5	0	
22	18	27	4	0	
22	15	24	3	0	
23	17	25	4	0	
23	18	28	3	0	
22	17	26	2	0	
23	17	27	3	0	
22	17	27	3	0	
21	17	28	4	0	
25	15	28	4	0	
20	13	29	5	0	
22	16	27	5	0	
23	17	27	5	0	
22	19	29	3	0	
21	17	29	5	0	
25	18	33	5	0	
25	14	32	6	0	
27	14	30	5	0	
29	13	32	4	0	
28	13	30	5	0	
29	15	29	4	0	
30	15	27	4	0	
33	14	25	3	0	
33	12	23	3	0	
29	11	22	3	0	
28	10	23	1	0	
30	12	24	1	0	
31	15	24	2	0	
32	15	25	1	0	
30	14	24	1	0	
31	12	22	3	0	
33	12	24	4	0	
30	10	22	4	0	
30	10	20	4	0	
29	12	20	4	0	
27	14	19	5	0	
24	16	19	6	0	
24	15	18	8	0	
23	13	17	9	0	
26	16	18	8	0	
27	17	17	8	0	
29	18	15	8	0	
27	17	17	9	0	
26	20	17	7	0	
26	19	19	8	0	
25	22	20	8	0	
25	24	18	7	0	
24	23	17	8	0	
28	22	18	6	0	
27	19	16	6	0	
27	24	14	8	0	
29	23	15	7	0	
28	25	15	7	0	
28	24	17	6	0	
27	25	16	8	0	
28	26	17	8	0	
29	26	18	10	0	
32	25	17	8	0	
29	26	15	8	0	
31	25	15	6	0	
27	23	14	7	0	
29	22	12	7	0	
28	21	16	7	0	
28	20	17	7	0	
30	21	14	5	0	
28	16	12	6	0	
27	14	13	8	0	
26	12	12	10	0	
26	11	15	9	0	
26	13	14	10	0	
27	12	15	13	0	
29	9	15	12	0	
29	9	15	12	0	
32	7	18	12	0	
31	8	16	9	0	
29	7	19	8	0	
29	6	21	8	0	
30	7	20	11	0	
27	6	22	11	0	
28	8	23	9	0	
27	8	24	10	0	
28	9	25	9	0	
30	10	25	6	0	
29	11	24	8	0	
31	12	24	9	0	
32	11	24	10	0	
32	11	27	10	0	
28	11	27	8	0	
24	12	26	7	0	
25	12	28	8	0	
25	13	26	9	0	
24	13	26	8	0	
21	12	21	8	0	
21	14	19	9	0	
19	13	19	8	0	
26	12	18	8	0	
25	14	17	10	0	
24	15	17	10	0	
28	12	21	10	0	
29	12	20	9	0	
30	13	18	9	0	
29	11	17	9	0	
30	11	17	10	0	
27	12	18	11	0	
26	9	19	12	0	
29	9	17	11	0	
28	7	20	11	0	
29	6	17	10	0	
25	7	18	13	0	
23	7	15	13	0	
22	6	17	15	0	
21	7	16	14	0	
20	7	17	16	0	
18	7	17	15	0	
21	8	13	15	0	
23	11	13	17	0	
20	11	12	19	0	
21	10	10	18	0	
24	8	10	19	0	
25	7	12	19	0	
27	8	14	17	0	
28	7	13	17	0	
32	7	15	18	0	
28	8	17	19	0	
28	7	15	19	0	
28	9	15	17	0	
23	12	16	19	0	
25	11	17	20	0	
26	12	16	21	0	
26	11	16	23	0	
29	14	17	22	0	
26	14	19	19	0	
23	12	19	20	0	
21	12	16	20	0	
16	13	17	22	0	
19	9	17	23	0	
18	9	16	21	0	
21	9	12	23	0	
22	7	14	21	0	
23	6	14	22	0	
27	6	16	22	0	
25	7	16	23	0	
24	8	13	24	0	
24	7	12	25	0	
25	6	13	25	0	
24	5	12	21	0	
26	4	14	20	0	
27	4	15	21	0	
26	4	15	19	0	
30	4	14	19	0	
27	4	13	15	0	
26	6	14	15	0	
27	6	15	17	0	
29	6	17	18	0	
27	7	16	16	0	
31	7	15	17	0	
32	6	19	17	0	
33	4	22	18	0	
33	4	24	20	0	
30	3	23	20	0	
31	3	24	19	0	
33	4	22	16	0	
27	4	21	16	0	
29	2	23	17	0	
29	2	24	18	0	
29	2	24	16	0	
26	2	24	16	0	
26	2	23	18	0	
25	2	23	18	0	
23	4	24	19	0	
19	4	23	15	0	
22	4	21	16	0	
21	4	20	15	0	
23	5	20	15	0	
24	4	18	17	0	
22	4	23	16	0	
23	3	26	17	0	
26	1	23	16	0	
26	1	25	16	0	
22	1	23	15	0	
21	2	21	16	0	
20	2	24	17	0	
17	2	24	22	0	
18	1	26	24	0	
16	2	29	23	0	
14	2	27	24	0	
15	3	27	23	0	
16	3	25	24	0	
15	3	24	23	0	
17	3	22	22	0	
20	3	22	21	0	
21	3	21	19	0	
21	4	19	21	0	
18	5	20	21	0	
16	7	19	21	0	
18	8	17	21	0	
18	8	13	17	0	
21	7	14	14	0	
19	9	13	16	0	
18	10	10	21	0	
15	10	12	21	0	
11	12	11	25	0	
14	11	15	21	0	
15	13	16	22	0	
16	14	17	18	0	
14	16	16	17	0	
17	16	19	15	0	
14	16	17	13	0	
13	13	17	14	0	
11	13	17	16	0	
9	12	21	17	0	
8	12	20	17	0	
7	13	22	19	0	
6	12	19	16	0	
4	13	18	15	0	
3	13	18	17	0	
2	17	18	17	0	
2	16	18	18	0	
1	16	20	18	0	
1	17	19	20	0	
3	19	22	18	0	
4	18	26	20	0	
4	17	24	19	0	
4	17	26	20	0	
4	18	23	21	0	
5	15	25	22	0	
5	14	27	20	0	
5	16	28	18	0	
6	13	29	15	0	
6	12	31	15	0	
6	12	35	16	3	
5	14	31	15	0	
7	15	31	15	0	
7	19	30	13	0	
6	20	28	16	0	
6	18	29	19	0	
6	18	31	19	0	
6	21	33	18	0	
5	21	33	17	0	
7	21	31	14	0	
5	25	31	14	0	
5	24	29	13	0	
5	26	28	15	0	
3	27	23	16	0	
4	27	25	15	0	
4	25	30	14	0	
4	31	27	14	0	
3	32	28	11	0	
3	31	27	12	0	
3	33	26	12	0	
4	32	22	12	0	
5	33	25	12	0	
5	32	29	12	0	
4	28	29	12	0	
6	31	33	11	0	
6	31	31	10	0	
5	29	32	10	0	
4	25	31	10	0	
4	22	30	10	0	
4	17	29	11	0	
5	16	25	11	0	
7	16	25	9	0	
5	17	25	11	0	
4	17	24	14	0	
6	17	25	17	0	
6	17	25	17	0	
7	21	26	16	0	
8	21	25	19	0	
9	24	25	16	0	
9	22	23	14	0	
9	21	23	16	0	
6	21	24	14	0	
8	22	28	16	0	
7	24	24	15	0	
8	22	24	14	0	
7	25	24	12	0	
8	23	22	13	0	
9	24	21	14	0	
10	24	20	14	0	
8	23	24	18	0	
8	25	25	17	0	
7	27	22	13	0	
6	26	23	12	0	
6	29	23	12	0	
5	30	22	11	0	
4	28	22	12	0	
7	28	22	11	0	
6	29	23	10	0	
5	27	24	12	0	
6	27	22	13	0	
6	32	22	13	0	
6	32	22	14	0	
8	30	24	15	0	
6	33	22	17	0	
6	34	24	16	0	
6	34	20	15	0	
6	27	20	14	0	
7	28	25	12	0	
7	30	25	11	0	
8	30	24	10	0	
8	29	25	12	0	
8	29	24	10	0	
9	26	26	9	0	
9	27	28	8	0	
10	31	28	10	0	
9	30	28	10	0	
11	25	26	11	0	
9	27	27	11	0	
9	22	28	13	0	
9	21	26	14	0	
9	27	23	13	0	
10	28	25	15	0	
9	26	26	17	0	
10	26	20	19	0	
9	25	23	14	0	
9	29	25	11	0	
9	30	27	12	0	
9	26	27	11	0	
9	26	26	10	0	
8	26	25	10	0	
9	28	25	7	0	
8	30	24	5	0	
8	29	26	7	0	
8	33	24	6	0	
7	34	21	6	0	
9	31	24	5	0	
7	29	24	6	0	
6	31	26	6	0	
6	31	26	5	0	
7	29	26	3	0	
8	26	28	3	0	
7	27	29	3	0	
6	27	27	3	0	
6	26	27	3	0	
5	28	28	3	0	
6	28	29	1	0	
7	26	27	1	0	
7	27	32	2	0	
7	27	31	2	0	
6	28	30	3	0	
5	21	31	4	0	
4	20	31	4	0	
3	21	32	4	0	
4	21	33	3	0	
4	20	32	3	0	
2	19	37	4	0	
2	19	40	5	3	
2	15	36	5	3	
2	15	38	5	3	
2	13	40	7	3	
1	14	38	7	3	
2	13	42	8	3	
3	15	40	8	3	
4	15	38	8	3	
4	12	34	9	3	
2	14	31	9	0	
3	13	34	9	3	
2	14	34	7	3	
3	16	38	6	3	
3	18	38	8	3	
4	20	34	9	0	
4	22	35	10	0	
4	20	37	12	0	
6	18	35	13	0	
7	17	36	11	3	
6	19	35	9	0	
6	17	34	8	0	
8	19	33	5	0	
11	21	32	5	0	
13	19	34	9	0	
12	20	35	9	0	
11	21	36	10	0	
12	22	34	10	0	
12	21	34	12	0	
10	22	33	11	0	
10	19	32	11	0	
10	21	31	12	0	
10	22	30	12	0	
8	25	28	13	0	
10	24	29	15	0	
10	26	30	14	0	
11	26	28	14	0	
8	24	30	13	0	
10	24	28	14	0	
12	25	27	16	0	
14	25	24	16	0	
14	23	23	16	0	
13	22	21	16	0	
13	22	19	16	0	
14	20	17	17	0	
12	20	18	17	0	
13	20	15	17	0	
11	19	16	19	0	
13	19	15	17	0	
13	21	17	17	0	
15	21	19	15	0	
13	20	20	14	0	
15	24	23	11	0	
14	23	26	9	0	
14	22	25	11	0	
16	19	25	10	0	
15	20	22	12	0	
14	22	23	10	0	
14	22	21	8	0	
13	24	19	7	0	
13	27	19	7	0	
16	29	20	7	0	
14	27	19	5	0	
15	25	21	6	0	
16	25	19	8	0	
16	28	17	8	0	
17	29	17	10	0	
19	28	15	10	0	
21	28	15	11	0	
22	25	15	11	0	
23	26	12	9	0	
25	27	11	9	0	
27	26	13	10	0	
24	29	12	10	0	
23	29	14	9	0	
22	28	11	11	0	
20	29	11	11	0	
24	27	12	11	0	
21	26	10	12	0	
24	29	7	13	0	
22	30	8	14	0	
19	32	8	14	0	
20	30	8	11	0	
22	27	9	9	0	
20	27	11	6	0	
17	27	11	7	0	
18	28	9	7	0	
18	30	9	8	0	
21	32	10	9	0	
22	35	14	10	0	
22	36	11	10	0	
19	37	13	11	0	
21	37	12	10	0	
21	37	13	11	0	
24	38	13	12	0	
24	35	15	11	0	
20	32	14	12	0	
18	33	12	12	0	
19	33	12	13	0	
19	33	11	15	0	
21	28	11	15	0	
22	25	13	13	0	
23	25	13	14	0	
23	24	12	13	0	
21	24	14	14	0	
25	24	13	13	0	
24	22	11	15	0	
26	22	12	13	0	
28	23	12	13	0	
29	23	13	17	0	
29	21	14	14	0	
31	20	14	12	0	
29	21	13	15	0	
32	19	13	11	0	
31	18	15	13	0	
33	20	16	13	0	
32	18	15	14	0	
32	19	13	14	0	
32	17	14	15	0	
34	18	13	14	0	
35	19	13	15	0	
33	18	13	15	0	
31	15	10	18	0	
28	17	12	19	0	
27	14	9	19	0	
27	17	12	18	0	
26	15	11	16	0	
25	16	12	16	0	
23	15	12	15	0	
20	15	13	16	0	
21	16	13	18	0	
20	16	13	16	0	
19	16	14	18	0	
19	15	16	17	0	
18	16	14	17	0	
17	15	13	17	0	
20	14	15	17	0	
19	13	17	18	0	
17	11	19	19	0	
18	14	19	21	0	
17	13	23	18	0	
14	12	24	17	0	
14	14	23	14	0	
14	10	22	15	0	
13	11	24	14	0	
12	10	23	12	0	
12	9	28	15	0	
10	9	31	13	3	
9	8	32	12	3	
9	9	33	11	3	
12	8	35	12	3	
13	8	36	13	3	
14	7	33	13	3	
15	7	34	12	3	
